"Origin Movement ID","Origin Display Name","Destination Movement ID","Destination Display Name","Date Range","Mean Travel Time (Seconds)","Range - Lower Bound Travel Time (Seconds)","Range - Upper Bound Travel Time (Seconds)"
"1536","Traffic Zone 222420000","41","Traffic Zone 213710201","9/19/2018 - 9/19/2018, Every day, Daily Average",2176,1797,2633
"1536","Traffic Zone 222420000","53","Traffic Zone 213710202","9/19/2018 - 9/19/2018, Every day, Daily Average",2072,1703,2519
"1536","Traffic Zone 222420000","62","Traffic Zone 213710200","9/19/2018 - 9/19/2018, Every day, Daily Average",2104,1630,2714
"1536","Traffic Zone 222420000","83","Traffic Zone 213930100","9/19/2018 - 9/19/2018, Every day, Daily Average",2089,1614,2702
"1536","Traffic Zone 222420000","95","Traffic Zone 213930200","9/19/2018 - 9/19/2018, Every day, Daily Average",1978,1516,2579
"1536","Traffic Zone 222420000","98","Traffic Zone 213930300","9/19/2018 - 9/19/2018, Every day, Daily Average",2025,1534,2672
"1536","Traffic Zone 222420000","107","Traffic Zone 213920000","9/19/2018 - 9/19/2018, Every day, Daily Average",2013,1522,2661
"1536","Traffic Zone 222420000","123","Traffic Zone 213900000","9/19/2018 - 9/19/2018, Every day, Daily Average",1917,1369,2682
"1536","Traffic Zone 222420000","127","Traffic Zone 212751001","9/19/2018 - 9/19/2018, Every day, Daily Average",2448,1552,3860
"1536","Traffic Zone 222420000","128","Traffic Zone 212760200","9/19/2018 - 9/19/2018, Every day, Daily Average",1942,1348,2796
"1536","Traffic Zone 222420000","129","Traffic Zone 214150000","9/19/2018 - 9/19/2018, Every day, Daily Average",1695,1121,2562
"1536","Traffic Zone 222420000","130","Traffic Zone 212760100","9/19/2018 - 9/19/2018, Every day, Daily Average",1948,1335,2842
"1536","Traffic Zone 222420000","133","Traffic Zone 214140000","9/19/2018 - 9/19/2018, Every day, Daily Average",1821,1280,2589
"1536","Traffic Zone 222420000","134","Traffic Zone 211720000","9/19/2018 - 9/19/2018, Every day, Daily Average",2652,1782,3946
"1536","Traffic Zone 222420000","135","Traffic Zone 212730000","9/19/2018 - 9/19/2018, Every day, Daily Average",2027,1392,2951
"1536","Traffic Zone 222420000","136","Traffic Zone 212771000","9/19/2018 - 9/19/2018, Every day, Daily Average",1723,1337,2218
"1536","Traffic Zone 222420000","137","Traffic Zone 211740600","9/19/2018 - 9/19/2018, Every day, Daily Average",2272,1513,3410
"1536","Traffic Zone 222420000","139","Traffic Zone 212752000","9/19/2018 - 9/19/2018, Every day, Daily Average",2210,1463,3336
"1536","Traffic Zone 222420000","140","Traffic Zone 214130200","9/19/2018 - 9/19/2018, Every day, Daily Average",1775,1139,2765
"1536","Traffic Zone 222420000","145","Traffic Zone 212840000","9/19/2018 - 9/19/2018, Every day, Daily Average",1534,1171,2007
"1536","Traffic Zone 222420000","147","Traffic Zone 214160000","9/19/2018 - 9/19/2018, Every day, Daily Average",1650,1113,2445
"1536","Traffic Zone 222420000","148","Traffic Zone 212891000","9/19/2018 - 9/19/2018, Every day, Daily Average",1831,1344,2494
"1536","Traffic Zone 222420000","150","Traffic Zone 212880000","9/19/2018 - 9/19/2018, Every day, Daily Average",1476,1128,1931
"1536","Traffic Zone 222420000","170","Traffic Zone 212870200","9/19/2018 - 9/19/2018, Every day, Daily Average",1773,1307,2403
"1536","Traffic Zone 222420000","179","Traffic Zone 214110000","9/19/2018 - 9/19/2018, Every day, Daily Average",1824,1326,2507
"1536","Traffic Zone 222420000","181","Traffic Zone 212460000","9/19/2018 - 9/19/2018, Every day, Daily Average",1704,1265,2294
"1536","Traffic Zone 222420000","185","Traffic Zone 212352000","9/19/2018 - 9/19/2018, Every day, Daily Average",2009,1523,2649
"1536","Traffic Zone 222420000","189","Traffic Zone 212200000","9/19/2018 - 9/19/2018, Every day, Daily Average",1889,1254,2843
"1536","Traffic Zone 222420000","191","Traffic Zone 212470000","9/19/2018 - 9/19/2018, Every day, Daily Average",1663,1185,2332
"1536","Traffic Zone 222420000","193","Traffic Zone 214340000","9/19/2018 - 9/19/2018, Every day, Daily Average",1647,1142,2374
"1536","Traffic Zone 222420000","194","Traffic Zone 214350000","9/19/2018 - 9/19/2018, Every day, Daily Average",1456,1104,1920
"1536","Traffic Zone 222420000","195","Traffic Zone 212440000","9/19/2018 - 9/19/2018, Every day, Daily Average",1771,1467,2137
"1536","Traffic Zone 222420000","196","Traffic Zone 212370000","9/19/2018 - 9/19/2018, Every day, Daily Average",1993,1523,2607
"1536","Traffic Zone 222420000","197","Traffic Zone 212160000","9/19/2018 - 9/19/2018, Every day, Daily Average",1583,1137,2202
"1536","Traffic Zone 222420000","198","Traffic Zone 212330400","9/19/2018 - 9/19/2018, Every day, Daily Average",1777,1182,2671
"1536","Traffic Zone 222420000","200","Traffic Zone 212102000","9/19/2018 - 9/19/2018, Every day, Daily Average",2101,1477,2987
"1536","Traffic Zone 222420000","201","Traffic Zone 212101000","9/19/2018 - 9/19/2018, Every day, Daily Average",1907,1281,2837
"1536","Traffic Zone 222420000","203","Traffic Zone 212330100","9/19/2018 - 9/19/2018, Every day, Daily Average",1854,1325,2593
"1536","Traffic Zone 222420000","204","Traffic Zone 212380000","9/19/2018 - 9/19/2018, Every day, Daily Average",1700,1183,2441
"1536","Traffic Zone 222420000","207","Traffic Zone 212510000","9/19/2018 - 9/19/2018, Every day, Daily Average",1651,1097,2484
"1536","Traffic Zone 222420000","208","Traffic Zone 212390000","9/19/2018 - 9/19/2018, Every day, Daily Average",1670,1132,2463
"1536","Traffic Zone 222420000","213","Traffic Zone 214360200","9/19/2018 - 9/19/2018, Every day, Daily Average",1879,1167,3022
"1536","Traffic Zone 222420000","214","Traffic Zone 214330000","9/19/2018 - 9/19/2018, Every day, Daily Average",1513,1019,2245
"1536","Traffic Zone 222420000","215","Traffic Zone 212520000","9/19/2018 - 9/19/2018, Every day, Daily Average",1524,1052,2207
"1536","Traffic Zone 222420000","216","Traffic Zone 212410200","9/19/2018 - 9/19/2018, Every day, Daily Average",1795,1235,2607
"1536","Traffic Zone 222420000","221","Traffic Zone 214380000","9/19/2018 - 9/19/2018, Every day, Daily Average",1923,1351,2737
"1536","Traffic Zone 222420000","226","Traffic Zone 212540000","9/19/2018 - 9/19/2018, Every day, Daily Average",1502,998,2259
"1536","Traffic Zone 222420000","227","Traffic Zone 214320000","9/19/2018 - 9/19/2018, Every day, Daily Average",1400,942,2079
"1536","Traffic Zone 222420000","229","Traffic Zone 214360100","9/19/2018 - 9/19/2018, Every day, Daily Average",1391,907,2132
"1536","Traffic Zone 222420000","231","Traffic Zone 212532000","9/19/2018 - 9/19/2018, Every day, Daily Average",1476,1057,2059
"1536","Traffic Zone 222420000","232","Traffic Zone 212531000","9/19/2018 - 9/19/2018, Every day, Daily Average",1584,1042,2407
"1536","Traffic Zone 222420000","233","Traffic Zone 212550000","9/19/2018 - 9/19/2018, Every day, Daily Average",1429,1022,1997
"1536","Traffic Zone 222420000","238","Traffic Zone 231050001","9/19/2018 - 9/19/2018, Every day, Daily Average",2558,1449,4515
"1536","Traffic Zone 222420000","239","Traffic Zone 212220000","9/19/2018 - 9/19/2018, Every day, Daily Average",2132,1391,3265
"1536","Traffic Zone 222420000","240","Traffic Zone 214370000","9/19/2018 - 9/19/2018, Every day, Daily Average",1311,867,1980
"1536","Traffic Zone 222420000","241","Traffic Zone 214310000","9/19/2018 - 9/19/2018, Every day, Daily Average",1274,784,2068
"1536","Traffic Zone 222420000","242","Traffic Zone 212560000","9/19/2018 - 9/19/2018, Every day, Daily Average",1372,976,1928
"1536","Traffic Zone 222420000","244","Traffic Zone 232000000","9/19/2018 - 9/19/2018, Every day, Daily Average",1466,1005,2138
"1536","Traffic Zone 222420000","249","Traffic Zone 231130000","9/19/2018 - 9/19/2018, Every day, Daily Average",2006,1445,2783
"1536","Traffic Zone 222420000","250","Traffic Zone 231050000","9/19/2018 - 9/19/2018, Every day, Daily Average",2066,1248,3419
"1536","Traffic Zone 222420000","251","Traffic Zone 231160001","9/19/2018 - 9/19/2018, Every day, Daily Average",1491,1091,2036
"1536","Traffic Zone 222420000","252","Traffic Zone 231150000","9/19/2018 - 9/19/2018, Every day, Daily Average",1805,1196,2722
"1536","Traffic Zone 222420000","253","Traffic Zone 231040000","9/19/2018 - 9/19/2018, Every day, Daily Average",1657,1114,2464
"1536","Traffic Zone 222420000","254","Traffic Zone 231160000","9/19/2018 - 9/19/2018, Every day, Daily Average",1550,1077,2229
"1536","Traffic Zone 222420000","255","Traffic Zone 231090000","9/19/2018 - 9/19/2018, Every day, Daily Average",1950,1402,2711
"1536","Traffic Zone 222420000","256","Traffic Zone 231060000","9/19/2018 - 9/19/2018, Every day, Daily Average",1430,1074,1903
"1536","Traffic Zone 222420000","257","Traffic Zone 231080000","9/19/2018 - 9/19/2018, Every day, Daily Average",1739,1196,2527
"1536","Traffic Zone 222420000","258","Traffic Zone 231170000","9/19/2018 - 9/19/2018, Every day, Daily Average",1418,1025,1960
"1536","Traffic Zone 222420000","260","Traffic Zone 231070100","9/19/2018 - 9/19/2018, Every day, Daily Average",1379,1015,1872
"1536","Traffic Zone 222420000","262","Traffic Zone 231070201","9/19/2018 - 9/19/2018, Every day, Daily Average",1360,1013,1824
"1536","Traffic Zone 222420000","263","Traffic Zone 231180000","9/19/2018 - 9/19/2018, Every day, Daily Average",1236,939,1625
"1536","Traffic Zone 222420000","264","Traffic Zone 231070200","9/19/2018 - 9/19/2018, Every day, Daily Average",1276,955,1704
"1536","Traffic Zone 222420000","266","Traffic Zone 231070300","9/19/2018 - 9/19/2018, Every day, Daily Average",1235,898,1696
"1536","Traffic Zone 222420000","309","Traffic Zone 210440200","9/19/2018 - 9/19/2018, Every day, Daily Average",2357,1502,3697
"1536","Traffic Zone 222420000","313","Traffic Zone 210450000","9/19/2018 - 9/19/2018, Every day, Daily Average",2186,1383,3453
"1536","Traffic Zone 222420000","320","Traffic Zone 211900000","9/19/2018 - 9/19/2018, Every day, Daily Average",2090,1295,3371
"1536","Traffic Zone 222420000","323","Traffic Zone 210482000","9/19/2018 - 9/19/2018, Every day, Daily Average",2132,1330,3416
"1536","Traffic Zone 222420000","331","Traffic Zone 212121000","9/19/2018 - 9/19/2018, Every day, Daily Average",2302,1367,3875
"1536","Traffic Zone 222420000","335","Traffic Zone 212110000","9/19/2018 - 9/19/2018, Every day, Daily Average",2316,1503,3567
"1536","Traffic Zone 222420000","337","Traffic Zone 210210200","9/19/2018 - 9/19/2018, Every day, Daily Average",2069,1330,3218
"1536","Traffic Zone 222420000","350","Traffic Zone 280050201","9/19/2018 - 9/19/2018, Every day, Daily Average",2011,1668,2423
"1536","Traffic Zone 222420000","351","Traffic Zone 280050200","9/19/2018 - 9/19/2018, Every day, Daily Average",1764,1475,2109
"1536","Traffic Zone 222420000","352","Traffic Zone 280050100","9/19/2018 - 9/19/2018, Every day, Daily Average",1562,1274,1913
"1536","Traffic Zone 222420000","354","Traffic Zone 226260200","9/19/2018 - 9/19/2018, Every day, Daily Average",1367,1117,1671
"1536","Traffic Zone 222420000","355","Traffic Zone 226270100","9/19/2018 - 9/19/2018, Every day, Daily Average",1267,1030,1557
"1536","Traffic Zone 222420000","356","Traffic Zone 226250000","9/19/2018 - 9/19/2018, Every day, Daily Average",1291,1135,1467
"1536","Traffic Zone 222420000","357","Traffic Zone 226270200","9/19/2018 - 9/19/2018, Every day, Daily Average",1175,943,1462
"1536","Traffic Zone 222420000","359","Traffic Zone 270130100","9/19/2018 - 9/19/2018, Every day, Daily Average",1089,815,1454
"1536","Traffic Zone 222420000","360","Traffic Zone 226280000","9/19/2018 - 9/19/2018, Every day, Daily Average",1089,848,1397
"1536","Traffic Zone 222420000","361","Traffic Zone 270140000","9/19/2018 - 9/19/2018, Every day, Daily Average",1175,828,1666
"1536","Traffic Zone 222420000","362","Traffic Zone 270130200","9/19/2018 - 9/19/2018, Every day, Daily Average",1418,950,2116
"1536","Traffic Zone 222420000","363","Traffic Zone 270190001","9/19/2018 - 9/19/2018, Every day, Daily Average",1120,835,1502
"1536","Traffic Zone 222420000","364","Traffic Zone 270190000","9/19/2018 - 9/19/2018, Every day, Daily Average",1166,784,1733
"1536","Traffic Zone 222420000","366","Traffic Zone 226230100","9/19/2018 - 9/19/2018, Every day, Daily Average",1505,954,2373
"1536","Traffic Zone 222420000","367","Traffic Zone 270150100","9/19/2018 - 9/19/2018, Every day, Daily Average",1314,922,1871
"1536","Traffic Zone 222420000","368","Traffic Zone 270120200","9/19/2018 - 9/19/2018, Every day, Daily Average",1100,924,1308
"1536","Traffic Zone 222420000","369","Traffic Zone 270190002","9/19/2018 - 9/19/2018, Every day, Daily Average",1058,737,1518
"1536","Traffic Zone 222420000","370","Traffic Zone 270150200","9/19/2018 - 9/19/2018, Every day, Daily Average",1487,948,2331
"1536","Traffic Zone 222420000","372","Traffic Zone 270200000","9/19/2018 - 9/19/2018, Every day, Daily Average",1195,861,1657
"1536","Traffic Zone 222420000","373","Traffic Zone 270170200","9/19/2018 - 9/19/2018, Every day, Daily Average",1292,820,2033
"1536","Traffic Zone 222420000","374","Traffic Zone 226400000","9/19/2018 - 9/19/2018, Every day, Daily Average",1482,1010,2172
"1536","Traffic Zone 222420000","375","Traffic Zone 270210000","9/19/2018 - 9/19/2018, Every day, Daily Average",1324,955,1835
"1536","Traffic Zone 222420000","376","Traffic Zone 270160100","9/19/2018 - 9/19/2018, Every day, Daily Average",1548,999,2397
"1536","Traffic Zone 222420000","377","Traffic Zone 270180200","9/19/2018 - 9/19/2018, Every day, Daily Average",990,664,1474
"1536","Traffic Zone 222420000","378","Traffic Zone 227340000","9/19/2018 - 9/19/2018, Every day, Daily Average",1490,1113,1993
"1536","Traffic Zone 222420000","379","Traffic Zone 226430200","9/19/2018 - 9/19/2018, Every day, Daily Average",1419,1006,2001
"1536","Traffic Zone 222420000","380","Traffic Zone 226230200","9/19/2018 - 9/19/2018, Every day, Daily Average",1272,909,1778
"1536","Traffic Zone 222420000","381","Traffic Zone 270160200","9/19/2018 - 9/19/2018, Every day, Daily Average",1489,930,2381
"1536","Traffic Zone 222420000","382","Traffic Zone 270220100","9/19/2018 - 9/19/2018, Every day, Daily Average",1437,935,2207
"1536","Traffic Zone 222420000","383","Traffic Zone 227330000","9/19/2018 - 9/19/2018, Every day, Daily Average",1542,1148,2070
"1536","Traffic Zone 222420000","384","Traffic Zone 270170100","9/19/2018 - 9/19/2018, Every day, Daily Average",1202,784,1841
"1536","Traffic Zone 222420000","385","Traffic Zone 270220101","9/19/2018 - 9/19/2018, Every day, Daily Average",1433,985,2082
"1536","Traffic Zone 222420000","386","Traffic Zone 227350000","9/19/2018 - 9/19/2018, Every day, Daily Average",1690,1228,2324
"1536","Traffic Zone 222420000","387","Traffic Zone 227320000","9/19/2018 - 9/19/2018, Every day, Daily Average",1618,1128,2320
"1536","Traffic Zone 222420000","388","Traffic Zone 270220200","9/19/2018 - 9/19/2018, Every day, Daily Average",1388,967,1992
"1536","Traffic Zone 222420000","389","Traffic Zone 226220000","9/19/2018 - 9/19/2018, Every day, Daily Average",1383,926,2065
"1536","Traffic Zone 222420000","390","Traffic Zone 226410100","9/19/2018 - 9/19/2018, Every day, Daily Average",1156,830,1608
"1536","Traffic Zone 222420000","391","Traffic Zone 226740200","9/19/2018 - 9/19/2018, Every day, Daily Average",1507,951,2387
"1536","Traffic Zone 222420000","392","Traffic Zone 270180100","9/19/2018 - 9/19/2018, Every day, Daily Average",911,608,1364
"1536","Traffic Zone 222420000","393","Traffic Zone 227390000","9/19/2018 - 9/19/2018, Every day, Daily Average",1763,1272,2443
"1536","Traffic Zone 222420000","394","Traffic Zone 226430100","9/19/2018 - 9/19/2018, Every day, Daily Average",1469,970,2223
"1536","Traffic Zone 222420000","395","Traffic Zone 270180101","9/19/2018 - 9/19/2018, Every day, Daily Average",1296,806,2082
"1536","Traffic Zone 222420000","396","Traffic Zone 226750200","9/19/2018 - 9/19/2018, Every day, Daily Average",1113,781,1584
"1536","Traffic Zone 222420000","397","Traffic Zone 227420000","9/19/2018 - 9/19/2018, Every day, Daily Average",1717,1335,2207
"1536","Traffic Zone 222420000","398","Traffic Zone 227310000","9/19/2018 - 9/19/2018, Every day, Daily Average",1450,1085,1936
"1536","Traffic Zone 222420000","399","Traffic Zone 227360000","9/19/2018 - 9/19/2018, Every day, Daily Average",1546,1129,2116
"1536","Traffic Zone 222420000","400","Traffic Zone 270110000","9/19/2018 - 9/19/2018, Every day, Daily Average",1148,737,1787
"1536","Traffic Zone 222420000","401","Traffic Zone 226740100","9/19/2018 - 9/19/2018, Every day, Daily Average",1636,1009,2651
"1536","Traffic Zone 222420000","402","Traffic Zone 270230000","9/19/2018 - 9/19/2018, Every day, Daily Average",893,588,1354
"1536","Traffic Zone 222420000","403","Traffic Zone 226750100","9/19/2018 - 9/19/2018, Every day, Daily Average",1285,821,2009
"1536","Traffic Zone 222420000","404","Traffic Zone 226210000","9/19/2018 - 9/19/2018, Every day, Daily Average",2144,1440,3191
"1536","Traffic Zone 222420000","405","Traffic Zone 227370000","9/19/2018 - 9/19/2018, Every day, Daily Average",1372,1029,1828
"1536","Traffic Zone 222420000","406","Traffic Zone 226760000","9/19/2018 - 9/19/2018, Every day, Daily Average",1059,708,1583
"1536","Traffic Zone 222420000","407","Traffic Zone 270110001","9/19/2018 - 9/19/2018, Every day, Daily Average",1057,712,1568
"1536","Traffic Zone 222420000","408","Traffic Zone 227380000","9/19/2018 - 9/19/2018, Every day, Daily Average",1857,1328,2596
"1536","Traffic Zone 222420000","409","Traffic Zone 227410000","9/19/2018 - 9/19/2018, Every day, Daily Average",1543,1113,2139
"1536","Traffic Zone 222420000","410","Traffic Zone 270290100","9/19/2018 - 9/19/2018, Every day, Daily Average",1597,1133,2249
"1536","Traffic Zone 222420000","411","Traffic Zone 226730000","9/19/2018 - 9/19/2018, Every day, Daily Average",967,655,1426
"1536","Traffic Zone 222420000","412","Traffic Zone 227140000","9/19/2018 - 9/19/2018, Every day, Daily Average",1068,754,1512
"1536","Traffic Zone 222420000","413","Traffic Zone 227130000","9/19/2018 - 9/19/2018, Every day, Daily Average",844,563,1265
"1536","Traffic Zone 222420000","414","Traffic Zone 227810001","9/19/2018 - 9/19/2018, Every day, Daily Average",1331,966,1833
"1536","Traffic Zone 222420000","415","Traffic Zone 227210000","9/19/2018 - 9/19/2018, Every day, Daily Average",1198,868,1652
"1536","Traffic Zone 222420000","416","Traffic Zone 226770000","9/19/2018 - 9/19/2018, Every day, Daily Average",924,608,1402
"1536","Traffic Zone 222420000","417","Traffic Zone 227540000","9/19/2018 - 9/19/2018, Every day, Daily Average",1724,1239,2398
"1536","Traffic Zone 222420000","418","Traffic Zone 227120000","9/19/2018 - 9/19/2018, Every day, Daily Average",770,517,1146
"1536","Traffic Zone 222420000","419","Traffic Zone 227150000","9/19/2018 - 9/19/2018, Every day, Daily Average",1112,749,1649
"1536","Traffic Zone 222420000","420","Traffic Zone 227220000","9/19/2018 - 9/19/2018, Every day, Daily Average",1146,929,1412
"1536","Traffic Zone 222420000","421","Traffic Zone 227530201","9/19/2018 - 9/19/2018, Every day, Daily Average",1403,960,2048
"1536","Traffic Zone 222420000","422","Traffic Zone 227530200","9/19/2018 - 9/19/2018, Every day, Daily Average",1429,989,2063
"1536","Traffic Zone 222420000","423","Traffic Zone 227660100","9/19/2018 - 9/19/2018, Every day, Daily Average",1652,1154,2363
"1536","Traffic Zone 222420000","424","Traffic Zone 270280300","9/19/2018 - 9/19/2018, Every day, Daily Average",1270,930,1733
"1536","Traffic Zone 222420000","425","Traffic Zone 227160000","9/19/2018 - 9/19/2018, Every day, Daily Average",1235,844,1805
"1536","Traffic Zone 222420000","426","Traffic Zone 227190000","9/19/2018 - 9/19/2018, Every day, Daily Average",1047,771,1421
"1536","Traffic Zone 222420000","427","Traffic Zone 227230200","9/19/2018 - 9/19/2018, Every day, Daily Average",1099,874,1380
"1536","Traffic Zone 222420000","428","Traffic Zone 227110000","9/19/2018 - 9/19/2018, Every day, Daily Average",725,486,1079
"1536","Traffic Zone 222420000","429","Traffic Zone 227170200","9/19/2018 - 9/19/2018, Every day, Daily Average",811,546,1202
"1536","Traffic Zone 222420000","430","Traffic Zone 227531100","9/19/2018 - 9/19/2018, Every day, Daily Average",1371,938,2002
"1536","Traffic Zone 222420000","431","Traffic Zone 227230100","9/19/2018 - 9/19/2018, Every day, Daily Average",1016,801,1288
"1536","Traffic Zone 222420000","432","Traffic Zone 227520000","9/19/2018 - 9/19/2018, Every day, Daily Average",1145,844,1552
"1536","Traffic Zone 222420000","433","Traffic Zone 227560103","9/19/2018 - 9/19/2018, Every day, Daily Average",1427,947,2148
"1536","Traffic Zone 222420000","434","Traffic Zone 227180100","9/19/2018 - 9/19/2018, Every day, Daily Average",856,592,1235
"1536","Traffic Zone 222420000","435","Traffic Zone 227170100","9/19/2018 - 9/19/2018, Every day, Daily Average",685,457,1025
"1536","Traffic Zone 222420000","436","Traffic Zone 227551000","9/19/2018 - 9/19/2018, Every day, Daily Average",1237,878,1742
"1536","Traffic Zone 222420000","437","Traffic Zone 227560100","9/19/2018 - 9/19/2018, Every day, Daily Average",1671,1168,2390
"1536","Traffic Zone 222420000","438","Traffic Zone 227180200","9/19/2018 - 9/19/2018, Every day, Daily Average",958,678,1353
"1536","Traffic Zone 222420000","440","Traffic Zone 227560101","9/19/2018 - 9/19/2018, Every day, Daily Average",1357,917,2007
"1536","Traffic Zone 222420000","441","Traffic Zone 227510000","9/19/2018 - 9/19/2018, Every day, Daily Average",982,683,1410
"1536","Traffic Zone 222420000","442","Traffic Zone 227560102","9/19/2018 - 9/19/2018, Every day, Daily Average",1331,856,2068
"1536","Traffic Zone 222420000","443","Traffic Zone 226541000","9/19/2018 - 9/19/2018, Every day, Daily Average",1191,810,1749
"1536","Traffic Zone 222420000","444","Traffic Zone 226542000","9/19/2018 - 9/19/2018, Every day, Daily Average",1144,800,1634
"1536","Traffic Zone 222420000","445","Traffic Zone 226530300","9/19/2018 - 9/19/2018, Every day, Daily Average",1389,964,1999
"1536","Traffic Zone 222420000","446","Traffic Zone 226530400","9/19/2018 - 9/19/2018, Every day, Daily Average",1522,1101,2102
"1536","Traffic Zone 222420000","447","Traffic Zone 226530104","9/19/2018 - 9/19/2018, Every day, Daily Average",1833,1236,2716
"1536","Traffic Zone 222420000","448","Traffic Zone 226530500","9/19/2018 - 9/19/2018, Every day, Daily Average",1298,850,1981
"1536","Traffic Zone 222420000","449","Traffic Zone 226530103","9/19/2018 - 9/19/2018, Every day, Daily Average",1841,1272,2663
"1536","Traffic Zone 222420000","450","Traffic Zone 226530102","9/19/2018 - 9/19/2018, Every day, Daily Average",1320,918,1897
"1536","Traffic Zone 222420000","451","Traffic Zone 226551000","9/19/2018 - 9/19/2018, Every day, Daily Average",1199,826,1739
"1536","Traffic Zone 222420000","452","Traffic Zone 226530101","9/19/2018 - 9/19/2018, Every day, Daily Average",1393,963,2012
"1536","Traffic Zone 222420000","453","Traffic Zone 226120000","9/19/2018 - 9/19/2018, Every day, Daily Average",2154,1769,2621
"1536","Traffic Zone 222420000","454","Traffic Zone 226530100","9/19/2018 - 9/19/2018, Every day, Daily Average",1518,1064,2165
"1536","Traffic Zone 222420000","455","Traffic Zone 226552000","9/19/2018 - 9/19/2018, Every day, Daily Average",1105,737,1654
"1536","Traffic Zone 222420000","456","Traffic Zone 226530105","9/19/2018 - 9/19/2018, Every day, Daily Average",2108,1326,3349
"1536","Traffic Zone 222420000","457","Traffic Zone 226520000","9/19/2018 - 9/19/2018, Every day, Daily Average",1391,958,2019
"1536","Traffic Zone 222420000","458","Traffic Zone 226720000","9/19/2018 - 9/19/2018, Every day, Daily Average",1254,841,1867
"1536","Traffic Zone 222420000","459","Traffic Zone 226560000","9/19/2018 - 9/19/2018, Every day, Daily Average",1287,882,1875
"1536","Traffic Zone 222420000","460","Traffic Zone 226780000","9/19/2018 - 9/19/2018, Every day, Daily Average",875,585,1307
"1536","Traffic Zone 222420000","461","Traffic Zone 226710001","9/19/2018 - 9/19/2018, Every day, Daily Average",1237,882,1734
"1536","Traffic Zone 222420000","462","Traffic Zone 226510000","9/19/2018 - 9/19/2018, Every day, Daily Average",1768,1161,2691
"1536","Traffic Zone 222420000","463","Traffic Zone 226710002","9/19/2018 - 9/19/2018, Every day, Daily Average",1305,905,1880
"1536","Traffic Zone 222420000","464","Traffic Zone 226570000","9/19/2018 - 9/19/2018, Every day, Daily Average",1494,1008,2214
"1536","Traffic Zone 222420000","465","Traffic Zone 226790001","9/19/2018 - 9/19/2018, Every day, Daily Average",964,679,1368
"1536","Traffic Zone 222420000","466","Traffic Zone 226710003","9/19/2018 - 9/19/2018, Every day, Daily Average",1311,937,1834
"1536","Traffic Zone 222420000","467","Traffic Zone 226110200","9/19/2018 - 9/19/2018, Every day, Daily Average",2173,1737,2717
"1536","Traffic Zone 222420000","468","Traffic Zone 270280200","9/19/2018 - 9/19/2018, Every day, Daily Average",883,637,1223
"1536","Traffic Zone 222420000","469","Traffic Zone 226710004","9/19/2018 - 9/19/2018, Every day, Daily Average",1383,1048,1824
"1536","Traffic Zone 222420000","470","Traffic Zone 270070000","9/19/2018 - 9/19/2018, Every day, Daily Average",1726,1228,2425
"1536","Traffic Zone 222420000","471","Traffic Zone 226930000","9/19/2018 - 9/19/2018, Every day, Daily Average",673,450,1006
"1536","Traffic Zone 222420000","472","Traffic Zone 226790000","9/19/2018 - 9/19/2018, Every day, Daily Average",1204,867,1671
"1536","Traffic Zone 222420000","473","Traffic Zone 270280100","9/19/2018 - 9/19/2018, Every day, Daily Average",1252,861,1818
"1536","Traffic Zone 222420000","474","Traffic Zone 226990200","9/19/2018 - 9/19/2018, Every day, Daily Average",896,600,1336
"1536","Traffic Zone 222420000","475","Traffic Zone 270280101","9/19/2018 - 9/19/2018, Every day, Daily Average",1269,874,1840
"1536","Traffic Zone 222420000","476","Traffic Zone 226110100","9/19/2018 - 9/19/2018, Every day, Daily Average",1706,1543,1886
"1536","Traffic Zone 222420000","477","Traffic Zone 270100001","9/19/2018 - 9/19/2018, Every day, Daily Average",1230,926,1632
"1536","Traffic Zone 222420000","478","Traffic Zone 270100000","9/19/2018 - 9/19/2018, Every day, Daily Average",1252,968,1618
"1536","Traffic Zone 222420000","479","Traffic Zone 226990100","9/19/2018 - 9/19/2018, Every day, Daily Average",788,536,1157
"1536","Traffic Zone 222420000","480","Traffic Zone 226900000","9/19/2018 - 9/19/2018, Every day, Daily Average",659,430,1009
"1536","Traffic Zone 222420000","481","Traffic Zone 270270000","9/19/2018 - 9/19/2018, Every day, Daily Average",1377,953,1989
"1536","Traffic Zone 222420000","482","Traffic Zone 270260001","9/19/2018 - 9/19/2018, Every day, Daily Average",1191,785,1806
"1536","Traffic Zone 222420000","483","Traffic Zone 270080001","9/19/2018 - 9/19/2018, Every day, Daily Average",1368,1047,1785
"1536","Traffic Zone 222420000","484","Traffic Zone 270060000","9/19/2018 - 9/19/2018, Every day, Daily Average",1693,1279,2239
"1536","Traffic Zone 222420000","485","Traffic Zone 270250100","9/19/2018 - 9/19/2018, Every day, Daily Average",1070,767,1490
"1536","Traffic Zone 222420000","486","Traffic Zone 226980000","9/19/2018 - 9/19/2018, Every day, Daily Average",580,384,875
"1536","Traffic Zone 222420000","487","Traffic Zone 227010000","9/19/2018 - 9/19/2018, Every day, Daily Average",611,406,918
"1536","Traffic Zone 222420000","488","Traffic Zone 270080002","9/19/2018 - 9/19/2018, Every day, Daily Average",1420,1070,1884
"1536","Traffic Zone 222420000","489","Traffic Zone 226910000","9/19/2018 - 9/19/2018, Every day, Daily Average",1016,777,1327
"1536","Traffic Zone 222420000","490","Traffic Zone 270090201","9/19/2018 - 9/19/2018, Every day, Daily Average",1113,836,1481
"1536","Traffic Zone 222420000","491","Traffic Zone 270090200","9/19/2018 - 9/19/2018, Every day, Daily Average",1249,929,1678
"1536","Traffic Zone 222420000","492","Traffic Zone 226950000","9/19/2018 - 9/19/2018, Every day, Daily Average",701,503,975
"1536","Traffic Zone 222420000","493","Traffic Zone 270260000","9/19/2018 - 9/19/2018, Every day, Daily Average",1498,1060,2116
"1536","Traffic Zone 222420000","494","Traffic Zone 270300100","9/19/2018 - 9/19/2018, Every day, Daily Average",1381,911,2091
"1536","Traffic Zone 222420000","495","Traffic Zone 270080003","9/19/2018 - 9/19/2018, Every day, Daily Average",1289,923,1799
"1536","Traffic Zone 222420000","496","Traffic Zone 270250200","9/19/2018 - 9/19/2018, Every day, Daily Average",1092,767,1553
"1536","Traffic Zone 222420000","497","Traffic Zone 270240000","9/19/2018 - 9/19/2018, Every day, Daily Average",982,670,1437
"1536","Traffic Zone 222420000","498","Traffic Zone 270050000","9/19/2018 - 9/19/2018, Every day, Daily Average",1700,1206,2394
"1536","Traffic Zone 222420000","499","Traffic Zone 219430000","9/19/2018 - 9/19/2018, Every day, Daily Average",2020,1533,2660
"1536","Traffic Zone 222420000","500","Traffic Zone 270300102","9/19/2018 - 9/19/2018, Every day, Daily Average",1627,1215,2178
"1536","Traffic Zone 222420000","501","Traffic Zone 221490001","9/19/2018 - 9/19/2018, Every day, Daily Average",1199,884,1625
"1536","Traffic Zone 222420000","502","Traffic Zone 270090100","9/19/2018 - 9/19/2018, Every day, Daily Average",941,695,1273
"1536","Traffic Zone 222420000","503","Traffic Zone 226970000","9/19/2018 - 9/19/2018, Every day, Daily Average",517,343,777
"1536","Traffic Zone 222420000","504","Traffic Zone 270040001","9/19/2018 - 9/19/2018, Every day, Daily Average",1325,970,1808
"1536","Traffic Zone 222420000","505","Traffic Zone 227020000","9/19/2018 - 9/19/2018, Every day, Daily Average",824,538,1261
"1536","Traffic Zone 222420000","506","Traffic Zone 221700000","9/19/2018 - 9/19/2018, Every day, Daily Average",749,541,1035
"1536","Traffic Zone 222420000","507","Traffic Zone 226960000","9/19/2018 - 9/19/2018, Every day, Daily Average",610,453,821
"1536","Traffic Zone 222420000","508","Traffic Zone 270300101","9/19/2018 - 9/19/2018, Every day, Daily Average",1237,885,1728
"1536","Traffic Zone 222420000","509","Traffic Zone 270050001","9/19/2018 - 9/19/2018, Every day, Daily Average",1670,1157,2409
"1536","Traffic Zone 222420000","510","Traffic Zone 221640000","9/19/2018 - 9/19/2018, Every day, Daily Average",840,624,1130
"1536","Traffic Zone 222420000","511","Traffic Zone 221490000","9/19/2018 - 9/19/2018, Every day, Daily Average",1111,833,1480
"1536","Traffic Zone 222420000","512","Traffic Zone 270240001","9/19/2018 - 9/19/2018, Every day, Daily Average",706,468,1064
"1536","Traffic Zone 222420000","513","Traffic Zone 270080004","9/19/2018 - 9/19/2018, Every day, Daily Average",996,753,1317
"1536","Traffic Zone 222420000","514","Traffic Zone 270040000","9/19/2018 - 9/19/2018, Every day, Daily Average",1291,982,1696
"1536","Traffic Zone 222420000","515","Traffic Zone 219420000","9/19/2018 - 9/19/2018, Every day, Daily Average",1685,1199,2366
"1536","Traffic Zone 222420000","516","Traffic Zone 270300200","9/19/2018 - 9/19/2018, Every day, Daily Average",1266,942,1700
"1536","Traffic Zone 222420000","517","Traffic Zone 221480000","9/19/2018 - 9/19/2018, Every day, Daily Average",1203,900,1606
"1536","Traffic Zone 222420000","518","Traffic Zone 270030000","9/19/2018 - 9/19/2018, Every day, Daily Average",1577,1147,2167
"1536","Traffic Zone 222420000","519","Traffic Zone 221670000","9/19/2018 - 9/19/2018, Every day, Daily Average",657,506,853
"1536","Traffic Zone 222420000","520","Traffic Zone 227030000","9/19/2018 - 9/19/2018, Every day, Daily Average",460,310,680
"1536","Traffic Zone 222420000","521","Traffic Zone 223600000","9/19/2018 - 9/19/2018, Every day, Daily Average",978,666,1434
"1536","Traffic Zone 222420000","522","Traffic Zone 221680000","9/19/2018 - 9/19/2018, Every day, Daily Average",830,626,1098
"1536","Traffic Zone 222420000","523","Traffic Zone 219450000","9/19/2018 - 9/19/2018, Every day, Daily Average",1219,953,1558
"1536","Traffic Zone 222420000","524","Traffic Zone 221630000","9/19/2018 - 9/19/2018, Every day, Daily Average",917,690,1217
"1536","Traffic Zone 222420000","525","Traffic Zone 219440000","9/19/2018 - 9/19/2018, Every day, Daily Average",1344,1051,1717
"1536","Traffic Zone 222420000","526","Traffic Zone 221990000","9/19/2018 - 9/19/2018, Every day, Daily Average",764,542,1075
"1536","Traffic Zone 222420000","527","Traffic Zone 222010000","9/19/2018 - 9/19/2018, Every day, Daily Average",831,564,1222
"1536","Traffic Zone 222420000","528","Traffic Zone 221470000","9/19/2018 - 9/19/2018, Every day, Daily Average",1232,905,1675
"1536","Traffic Zone 222420000","529","Traffic Zone 221460000","9/19/2018 - 9/19/2018, Every day, Daily Average",1389,1032,1869
"1536","Traffic Zone 222420000","530","Traffic Zone 270020000","9/19/2018 - 9/19/2018, Every day, Daily Average",1679,1224,2302
"1536","Traffic Zone 222420000","531","Traffic Zone 221690000","9/19/2018 - 9/19/2018, Every day, Daily Average",770,567,1045
"1536","Traffic Zone 222420000","532","Traffic Zone 221840000","9/19/2018 - 9/19/2018, Every day, Daily Average",395,268,582
"1536","Traffic Zone 222420000","533","Traffic Zone 221630001","9/19/2018 - 9/19/2018, Every day, Daily Average",1046,799,1369
"1536","Traffic Zone 222420000","534","Traffic Zone 221830000","9/19/2018 - 9/19/2018, Every day, Daily Average",589,406,852
"1536","Traffic Zone 222420000","535","Traffic Zone 219410000","9/19/2018 - 9/19/2018, Every day, Daily Average",1252,843,1858
"1536","Traffic Zone 222420000","536","Traffic Zone 218980000","9/19/2018 - 9/19/2018, Every day, Daily Average",1578,1144,2175
"1536","Traffic Zone 222420000","537","Traffic Zone 221440000","9/19/2018 - 9/19/2018, Every day, Daily Average",1362,1058,1752
"1536","Traffic Zone 222420000","538","Traffic Zone 221980000","9/19/2018 - 9/19/2018, Every day, Daily Average",619,421,909
"1536","Traffic Zone 222420000","539","Traffic Zone 270310000","9/19/2018 - 9/19/2018, Every day, Daily Average",1100,838,1443
"1536","Traffic Zone 222420000","540","Traffic Zone 221710000","9/19/2018 - 9/19/2018, Every day, Daily Average",822,623,1084
"1536","Traffic Zone 222420000","541","Traffic Zone 221450000","9/19/2018 - 9/19/2018, Every day, Daily Average",1300,961,1756
"1536","Traffic Zone 222420000","542","Traffic Zone 223620200","9/19/2018 - 9/19/2018, Every day, Daily Average",976,567,1677
"1536","Traffic Zone 222420000","543","Traffic Zone 221510000","9/19/2018 - 9/19/2018, Every day, Daily Average",1062,784,1437
"1536","Traffic Zone 222420000","544","Traffic Zone 219200000","9/19/2018 - 9/19/2018, Every day, Daily Average",1492,1198,1857
"1536","Traffic Zone 222420000","545","Traffic Zone 270010000","9/19/2018 - 9/19/2018, Every day, Daily Average",1531,1147,2043
"1536","Traffic Zone 222420000","546","Traffic Zone 221850000","9/19/2018 - 9/19/2018, Every day, Daily Average",352,239,517
"1536","Traffic Zone 222420000","547","Traffic Zone 223640000","9/19/2018 - 9/19/2018, Every day, Daily Average",998,780,1275
"1536","Traffic Zone 222420000","548","Traffic Zone 221970000","9/19/2018 - 9/19/2018, Every day, Daily Average",685,463,1011
"1536","Traffic Zone 222420000","549","Traffic Zone 223510000","9/19/2018 - 9/19/2018, Every day, Daily Average",1220,990,1502
"1536","Traffic Zone 222420000","550","Traffic Zone 218990200","9/19/2018 - 9/19/2018, Every day, Daily Average",1551,1165,2063
"1536","Traffic Zone 222420000","551","Traffic Zone 221400000","9/19/2018 - 9/19/2018, Every day, Daily Average",1276,977,1665
"1536","Traffic Zone 222420000","552","Traffic Zone 218990100","9/19/2018 - 9/19/2018, Every day, Daily Average",1358,913,2017
"1536","Traffic Zone 222420000","553","Traffic Zone 221620000","9/19/2018 - 9/19/2018, Every day, Daily Average",853,638,1139
"1536","Traffic Zone 222420000","554","Traffic Zone 223620100","9/19/2018 - 9/19/2018, Every day, Daily Average",897,607,1324
"1536","Traffic Zone 222420000","555","Traffic Zone 221860000","9/19/2018 - 9/19/2018, Every day, Daily Average",307,208,453
"1536","Traffic Zone 222420000","556","Traffic Zone 223610000","9/19/2018 - 9/19/2018, Every day, Daily Average",901,713,1138
"1536","Traffic Zone 222420000","557","Traffic Zone 221821000","9/19/2018 - 9/19/2018, Every day, Daily Average",666,463,957
"1536","Traffic Zone 222420000","558","Traffic Zone 221720000","9/19/2018 - 9/19/2018, Every day, Daily Average",673,505,895
"1536","Traffic Zone 222420000","559","Traffic Zone 218970200","9/19/2018 - 9/19/2018, Every day, Daily Average",1273,844,1918
"1536","Traffic Zone 222420000","560","Traffic Zone 219010000","9/19/2018 - 9/19/2018, Every day, Daily Average",1372,948,1983
"1536","Traffic Zone 222420000","561","Traffic Zone 270320000","9/19/2018 - 9/19/2018, Every day, Daily Average",1014,801,1283
"1536","Traffic Zone 222420000","562","Traffic Zone 221950000","9/19/2018 - 9/19/2018, Every day, Daily Average",765,612,955
"1536","Traffic Zone 222420000","563","Traffic Zone 222000000","9/19/2018 - 9/19/2018, Every day, Daily Average",578,401,831
"1536","Traffic Zone 222420000","564","Traffic Zone 221410000","9/19/2018 - 9/19/2018, Every day, Daily Average",1182,929,1502
"1536","Traffic Zone 222420000","565","Traffic Zone 219190000","9/19/2018 - 9/19/2018, Every day, Daily Average",1285,962,1715
"1536","Traffic Zone 222420000","566","Traffic Zone 221610000","9/19/2018 - 9/19/2018, Every day, Daily Average",789,573,1086
"1536","Traffic Zone 222420000","567","Traffic Zone 221822000","9/19/2018 - 9/19/2018, Every day, Daily Average",517,354,754
"1536","Traffic Zone 222420000","568","Traffic Zone 219070000","9/19/2018 - 9/19/2018, Every day, Daily Average",1292,880,1895
"1536","Traffic Zone 222420000","569","Traffic Zone 221870000","9/19/2018 - 9/19/2018, Every day, Daily Average",265,179,390
"1536","Traffic Zone 222420000","570","Traffic Zone 223490000","9/19/2018 - 9/19/2018, Every day, Daily Average",1295,952,1760
"1536","Traffic Zone 222420000","571","Traffic Zone 221100000","9/19/2018 - 9/19/2018, Every day, Daily Average",990,737,1328
"1536","Traffic Zone 222420000","572","Traffic Zone 221930000","9/19/2018 - 9/19/2018, Every day, Daily Average",580,412,815
"1536","Traffic Zone 222420000","573","Traffic Zone 219020000","9/19/2018 - 9/19/2018, Every day, Daily Average",1316,901,1921
"1536","Traffic Zone 222420000","574","Traffic Zone 223520200","9/19/2018 - 9/19/2018, Every day, Daily Average",1067,803,1417
"1536","Traffic Zone 222420000","575","Traffic Zone 223420000","9/19/2018 - 9/19/2018, Every day, Daily Average",788,633,979
"1536","Traffic Zone 222420000","576","Traffic Zone 221280000","9/19/2018 - 9/19/2018, Every day, Daily Average",676,475,960
"1536","Traffic Zone 222420000","577","Traffic Zone 223430000","9/19/2018 - 9/19/2018, Every day, Daily Average",860,655,1127
"1536","Traffic Zone 222420000","578","Traffic Zone 218960000","9/19/2018 - 9/19/2018, Every day, Daily Average",1068,692,1647
"1536","Traffic Zone 222420000","579","Traffic Zone 221811000","9/19/2018 - 9/19/2018, Every day, Daily Average",502,361,697
"1536","Traffic Zone 222420000","580","Traffic Zone 223470000","9/19/2018 - 9/19/2018, Every day, Daily Average",1199,870,1652
"1536","Traffic Zone 222420000","581","Traffic Zone 219230000","9/19/2018 - 9/19/2018, Every day, Daily Average",1229,943,1601
"1536","Traffic Zone 222420000","582","Traffic Zone 223460000","9/19/2018 - 9/19/2018, Every day, Daily Average",1068,764,1491
"1536","Traffic Zone 222420000","583","Traffic Zone 219182000","9/19/2018 - 9/19/2018, Every day, Daily Average",1299,969,1740
"1536","Traffic Zone 222420000","584","Traffic Zone 219181000","9/19/2018 - 9/19/2018, Every day, Daily Average",1225,859,1745
"1536","Traffic Zone 222420000","585","Traffic Zone 219080000","9/19/2018 - 9/19/2018, Every day, Daily Average",1150,771,1713
"1536","Traffic Zone 222420000","586","Traffic Zone 218970100","9/19/2018 - 9/19/2018, Every day, Daily Average",1166,755,1800
"1536","Traffic Zone 222420000","587","Traffic Zone 223450000","9/19/2018 - 9/19/2018, Every day, Daily Average",965,718,1295
"1536","Traffic Zone 222420000","588","Traffic Zone 221270000","9/19/2018 - 9/19/2018, Every day, Daily Average",698,453,1073
"1536","Traffic Zone 222420000","589","Traffic Zone 221890000","9/19/2018 - 9/19/2018, Every day, Daily Average",377,246,577
"1536","Traffic Zone 222420000","590","Traffic Zone 221902000","9/19/2018 - 9/19/2018, Every day, Daily Average",535,397,719
"1536","Traffic Zone 222420000","591","Traffic Zone 221901000","9/19/2018 - 9/19/2018, Every day, Daily Average",448,325,616
"1536","Traffic Zone 222420000","592","Traffic Zone 221880000","9/19/2018 - 9/19/2018, Every day, Daily Average",217,147,319
"1536","Traffic Zone 222420000","593","Traffic Zone 223520100","9/19/2018 - 9/19/2018, Every day, Daily Average",902,678,1199
"1536","Traffic Zone 222420000","594","Traffic Zone 223480000","9/19/2018 - 9/19/2018, Every day, Daily Average",1182,831,1679
"1536","Traffic Zone 222420000","595","Traffic Zone 223400000","9/19/2018 - 9/19/2018, Every day, Daily Average",701,522,940
"1536","Traffic Zone 222420000","596","Traffic Zone 221290000","9/19/2018 - 9/19/2018, Every day, Daily Average",534,366,777
"1536","Traffic Zone 222420000","597","Traffic Zone 218950000","9/19/2018 - 9/19/2018, Every day, Daily Average",1063,678,1665
"1536","Traffic Zone 222420000","598","Traffic Zone 221812000","9/19/2018 - 9/19/2018, Every day, Daily Average",435,300,628
"1536","Traffic Zone 222420000","599","Traffic Zone 219100000","9/19/2018 - 9/19/2018, Every day, Daily Average",1016,663,1554
"1536","Traffic Zone 222420000","600","Traffic Zone 219171000","9/19/2018 - 9/19/2018, Every day, Daily Average",1119,755,1658
"1536","Traffic Zone 222420000","601","Traffic Zone 219090200","9/19/2018 - 9/19/2018, Every day, Daily Average",1008,669,1517
"1536","Traffic Zone 222420000","602","Traffic Zone 219241000","9/19/2018 - 9/19/2018, Every day, Daily Average",1134,836,1536
"1536","Traffic Zone 222420000","603","Traffic Zone 221170100","9/19/2018 - 9/19/2018, Every day, Daily Average",888,613,1285
"1536","Traffic Zone 222420000","604","Traffic Zone 219030100","9/19/2018 - 9/19/2018, Every day, Daily Average",928,603,1426
"1536","Traffic Zone 222420000","605","Traffic Zone 218940000","9/19/2018 - 9/19/2018, Every day, Daily Average",1198,772,1858
"1536","Traffic Zone 222420000","606","Traffic Zone 221150000","9/19/2018 - 9/19/2018, Every day, Daily Average",967,737,1267
"1536","Traffic Zone 222420000","607","Traffic Zone 221261000","9/19/2018 - 9/19/2018, Every day, Daily Average",698,482,1009
"1536","Traffic Zone 222420000","608","Traffic Zone 222200000","9/19/2018 - 9/19/2018, Every day, Daily Average",489,337,707
"1536","Traffic Zone 222420000","609","Traffic Zone 222140000","9/19/2018 - 9/19/2018, Every day, Daily Average",182,120,274
"1536","Traffic Zone 222420000","610","Traffic Zone 223140000","9/19/2018 - 9/19/2018, Every day, Daily Average",623,442,877
"1536","Traffic Zone 222420000","611","Traffic Zone 221262000","9/19/2018 - 9/19/2018, Every day, Daily Average",597,416,855
"1536","Traffic Zone 222420000","612","Traffic Zone 221310000","9/19/2018 - 9/19/2018, Every day, Daily Average",571,385,846
"1536","Traffic Zone 222420000","613","Traffic Zone 223810000","9/19/2018 - 9/19/2018, Every day, Daily Average",949,658,1367
"1536","Traffic Zone 222420000","614","Traffic Zone 223790000","9/19/2018 - 9/19/2018, Every day, Daily Average",962,685,1350
"1536","Traffic Zone 222420000","615","Traffic Zone 223730000","9/19/2018 - 9/19/2018, Every day, Daily Average",773,559,1067
"1536","Traffic Zone 222420000","616","Traffic Zone 219172000","9/19/2018 - 9/19/2018, Every day, Daily Average",1035,651,1644
"1536","Traffic Zone 222420000","617","Traffic Zone 219090100","9/19/2018 - 9/19/2018, Every day, Daily Average",840,540,1304
"1536","Traffic Zone 222420000","618","Traffic Zone 218930000","9/19/2018 - 9/19/2018, Every day, Daily Average",1214,750,1963
"1536","Traffic Zone 222420000","619","Traffic Zone 222130200","9/19/2018 - 9/19/2018, Every day, Daily Average",337,226,500
"1536","Traffic Zone 222420000","620","Traffic Zone 223250000","9/19/2018 - 9/19/2018, Every day, Daily Average",819,587,1142
"1536","Traffic Zone 222420000","621","Traffic Zone 222130100","9/19/2018 - 9/19/2018, Every day, Daily Average",409,280,595
"1536","Traffic Zone 222420000","622","Traffic Zone 223240000","9/19/2018 - 9/19/2018, Every day, Daily Average",723,515,1013
"1536","Traffic Zone 222420000","623","Traffic Zone 221170200","9/19/2018 - 9/19/2018, Every day, Daily Average",835,597,1167
"1536","Traffic Zone 222420000","624","Traffic Zone 223150000","9/19/2018 - 9/19/2018, Every day, Daily Average",576,427,776
"1536","Traffic Zone 222420000","625","Traffic Zone 219051000","9/19/2018 - 9/19/2018, Every day, Daily Average",877,568,1354
"1536","Traffic Zone 222420000","626","Traffic Zone 219242000","9/19/2018 - 9/19/2018, Every day, Daily Average",1000,730,1369
"1536","Traffic Zone 222420000","627","Traffic Zone 223800000","9/19/2018 - 9/19/2018, Every day, Daily Average",977,731,1305
"1536","Traffic Zone 222420000","628","Traffic Zone 223840000","9/19/2018 - 9/19/2018, Every day, Daily Average",1030,711,1490
"1536","Traffic Zone 222420000","629","Traffic Zone 223720000","9/19/2018 - 9/19/2018, Every day, Daily Average",841,592,1194
"1536","Traffic Zone 222420000","630","Traffic Zone 221141000","9/19/2018 - 9/19/2018, Every day, Daily Average",1012,773,1323
"1536","Traffic Zone 222420000","631","Traffic Zone 219251000","9/19/2018 - 9/19/2018, Every day, Daily Average",1078,822,1413
"1536","Traffic Zone 222420000","632","Traffic Zone 221250000","9/19/2018 - 9/19/2018, Every day, Daily Average",671,452,994
"1536","Traffic Zone 222420000","633","Traffic Zone 223130000","9/19/2018 - 9/19/2018, Every day, Daily Average",533,368,770
"1536","Traffic Zone 222420000","634","Traffic Zone 222250000","9/19/2018 - 9/19/2018, Every day, Daily Average",468,327,669
"1536","Traffic Zone 222420000","635","Traffic Zone 222150000","9/19/2018 - 9/19/2018, Every day, Daily Average",144,94,218
"1536","Traffic Zone 222420000","636","Traffic Zone 221180200","9/19/2018 - 9/19/2018, Every day, Daily Average",767,549,1070
"1536","Traffic Zone 222420000","637","Traffic Zone 221180100","9/19/2018 - 9/19/2018, Every day, Daily Average",919,672,1255
"1536","Traffic Zone 222420000","638","Traffic Zone 221320200","9/19/2018 - 9/19/2018, Every day, Daily Average",413,280,607
"1536","Traffic Zone 222420000","639","Traffic Zone 221320100","9/19/2018 - 9/19/2018, Every day, Daily Average",507,342,751
"1536","Traffic Zone 222420000","640","Traffic Zone 219161000","9/19/2018 - 9/19/2018, Every day, Daily Average",955,594,1534
"1536","Traffic Zone 222420000","641","Traffic Zone 219112000","9/19/2018 - 9/19/2018, Every day, Daily Average",805,517,1252
"1536","Traffic Zone 222420000","642","Traffic Zone 219111000","9/19/2018 - 9/19/2018, Every day, Daily Average",1177,771,1796
"1536","Traffic Zone 222420000","643","Traffic Zone 219040000","9/19/2018 - 9/19/2018, Every day, Daily Average",1119,745,1679
"1536","Traffic Zone 222420000","644","Traffic Zone 219052000","9/19/2018 - 9/19/2018, Every day, Daily Average",1198,830,1727
"1536","Traffic Zone 222420000","645","Traffic Zone 219162000","9/19/2018 - 9/19/2018, Every day, Daily Average",760,484,1193
"1536","Traffic Zone 222420000","646","Traffic Zone 222210000","9/19/2018 - 9/19/2018, Every day, Daily Average",396,269,580
"1536","Traffic Zone 222420000","647","Traffic Zone 222121000","9/19/2018 - 9/19/2018, Every day, Daily Average",316,214,465
"1536","Traffic Zone 222420000","648","Traffic Zone 221142000","9/19/2018 - 9/19/2018, Every day, Daily Average",993,720,1369
"1536","Traffic Zone 222420000","649","Traffic Zone 222220000","9/19/2018 - 9/19/2018, Every day, Daily Average",328,196,547
"1536","Traffic Zone 222420000","650","Traffic Zone 219252000","9/19/2018 - 9/19/2018, Every day, Daily Average",1053,694,1595
"1536","Traffic Zone 222420000","651","Traffic Zone 221242000","9/19/2018 - 9/19/2018, Every day, Daily Average",521,377,719
"1536","Traffic Zone 222420000","652","Traffic Zone 221241000","9/19/2018 - 9/19/2018, Every day, Daily Average",601,430,839
"1536","Traffic Zone 222420000","653","Traffic Zone 223820000","9/19/2018 - 9/19/2018, Every day, Daily Average",832,550,1256
"1536","Traffic Zone 222420000","654","Traffic Zone 223780000","9/19/2018 - 9/19/2018, Every day, Daily Average",890,593,1333
"1536","Traffic Zone 222420000","655","Traffic Zone 223740000","9/19/2018 - 9/19/2018, Every day, Daily Average",671,453,992
"1536","Traffic Zone 222420000","656","Traffic Zone 223260000","9/19/2018 - 9/19/2018, Every day, Daily Average",706,504,988
"1536","Traffic Zone 222420000","657","Traffic Zone 223230000","9/19/2018 - 9/19/2018, Every day, Daily Average",675,498,913
"1536","Traffic Zone 222420000","658","Traffic Zone 223220000","9/19/2018 - 9/19/2018, Every day, Daily Average",610,423,878
"1536","Traffic Zone 222420000","659","Traffic Zone 223160000","9/19/2018 - 9/19/2018, Every day, Daily Average",490,339,708
"1536","Traffic Zone 222420000","660","Traffic Zone 223121000","9/19/2018 - 9/19/2018, Every day, Daily Average",452,305,667
"1536","Traffic Zone 222420000","661","Traffic Zone 221191000","9/19/2018 - 9/19/2018, Every day, Daily Average",945,669,1333
"1536","Traffic Zone 222420000","662","Traffic Zone 221131000","9/19/2018 - 9/19/2018, Every day, Daily Average",960,736,1251
"1536","Traffic Zone 222420000","663","Traffic Zone 221230500","9/19/2018 - 9/19/2018, Every day, Daily Average",677,501,913
"1536","Traffic Zone 222420000","664","Traffic Zone 221331000","9/19/2018 - 9/19/2018, Every day, Daily Average",464,319,674
"1536","Traffic Zone 222420000","665","Traffic Zone 221230400","9/19/2018 - 9/19/2018, Every day, Daily Average",681,482,961
"1536","Traffic Zone 222420000","666","Traffic Zone 219120400","9/19/2018 - 9/19/2018, Every day, Daily Average",1046,739,1480
"1536","Traffic Zone 222420000","667","Traffic Zone 222122000","9/19/2018 - 9/19/2018, Every day, Daily Average",283,187,427
"1536","Traffic Zone 222420000","668","Traffic Zone 222260000","9/19/2018 - 9/19/2018, Every day, Daily Average",437,308,619
"1536","Traffic Zone 222420000","669","Traffic Zone 222160000","9/19/2018 - 9/19/2018, Every day, Daily Average",108,69,167
"1536","Traffic Zone 222420000","670","Traffic Zone 221210000","9/19/2018 - 9/19/2018, Every day, Daily Average",764,543,1073
"1536","Traffic Zone 222420000","671","Traffic Zone 221120000","9/19/2018 - 9/19/2018, Every day, Daily Average",1081,779,1499
"1536","Traffic Zone 222420000","672","Traffic Zone 219262000","9/19/2018 - 9/19/2018, Every day, Daily Average",1060,694,1617
"1536","Traffic Zone 222420000","673","Traffic Zone 219261000","9/19/2018 - 9/19/2018, Every day, Daily Average",712,442,1144
"1536","Traffic Zone 222420000","674","Traffic Zone 219150000","9/19/2018 - 9/19/2018, Every day, Daily Average",748,468,1195
"1536","Traffic Zone 222420000","675","Traffic Zone 219120100","9/19/2018 - 9/19/2018, Every day, Daily Average",1222,931,1602
"1536","Traffic Zone 222420000","676","Traffic Zone 218920000","9/19/2018 - 9/19/2018, Every day, Daily Average",1422,987,2048
"1536","Traffic Zone 222420000","677","Traffic Zone 221230600","9/19/2018 - 9/19/2018, Every day, Daily Average",590,397,875
"1536","Traffic Zone 222420000","678","Traffic Zone 221192000","9/19/2018 - 9/19/2018, Every day, Daily Average",866,681,1101
"1536","Traffic Zone 222420000","679","Traffic Zone 221132000","9/19/2018 - 9/19/2018, Every day, Daily Average",903,701,1162
"1536","Traffic Zone 222420000","680","Traffic Zone 221332000","9/19/2018 - 9/19/2018, Every day, Daily Average",464,294,730
"1536","Traffic Zone 222420000","681","Traffic Zone 221230300","9/19/2018 - 9/19/2018, Every day, Daily Average",661,454,960
"1536","Traffic Zone 222420000","682","Traffic Zone 219120300","9/19/2018 - 9/19/2018, Every day, Daily Average",1039,769,1402
"1536","Traffic Zone 222420000","683","Traffic Zone 222181000","9/19/2018 - 9/19/2018, Every day, Daily Average",333,200,552
"1536","Traffic Zone 222420000","684","Traffic Zone 223750000","9/19/2018 - 9/19/2018, Every day, Daily Average",555,368,834
"1536","Traffic Zone 222420000","685","Traffic Zone 221220300","9/19/2018 - 9/19/2018, Every day, Daily Average",612,421,888
"1536","Traffic Zone 222420000","686","Traffic Zone 222190000","9/19/2018 - 9/19/2018, Every day, Daily Average",367,228,589
"1536","Traffic Zone 222420000","687","Traffic Zone 223211000","9/19/2018 - 9/19/2018, Every day, Daily Average",491,325,740
"1536","Traffic Zone 222420000","688","Traffic Zone 223171000","9/19/2018 - 9/19/2018, Every day, Daily Average",377,252,562
"1536","Traffic Zone 222420000","689","Traffic Zone 223122000","9/19/2018 - 9/19/2018, Every day, Daily Average",391,249,612
"1536","Traffic Zone 222420000","690","Traffic Zone 221112001","9/19/2018 - 9/19/2018, Every day, Daily Average",720,521,994
"1536","Traffic Zone 222420000","691","Traffic Zone 224130000","9/19/2018 - 9/19/2018, Every day, Daily Average",585,428,798
"1536","Traffic Zone 222420000","692","Traffic Zone 224120000","9/19/2018 - 9/19/2018, Every day, Daily Average",816,587,1133
"1536","Traffic Zone 222420000","693","Traffic Zone 224040000","9/19/2018 - 9/19/2018, Every day, Daily Average",694,475,1013
"1536","Traffic Zone 222420000","694","Traffic Zone 224030000","9/19/2018 - 9/19/2018, Every day, Daily Average",712,460,1100
"1536","Traffic Zone 222420000","695","Traffic Zone 223710000","9/19/2018 - 9/19/2018, Every day, Daily Average",332,208,528
"1536","Traffic Zone 222420000","696","Traffic Zone 223270000","9/19/2018 - 9/19/2018, Every day, Daily Average",566,377,848
"1536","Traffic Zone 222420000","697","Traffic Zone 222112000","9/19/2018 - 9/19/2018, Every day, Daily Average",225,120,419
"1536","Traffic Zone 222420000","698","Traffic Zone 222111000","9/19/2018 - 9/19/2018, Every day, Daily Average",285,162,499
"1536","Traffic Zone 222420000","699","Traffic Zone 222270001","9/19/2018 - 9/19/2018, Every day, Daily Average",430,306,602
"1536","Traffic Zone 222420000","700","Traffic Zone 221340200","9/19/2018 - 9/19/2018, Every day, Daily Average",359,206,623
"1536","Traffic Zone 222420000","701","Traffic Zone 221220200","9/19/2018 - 9/19/2018, Every day, Daily Average",494,324,751
"1536","Traffic Zone 222420000","702","Traffic Zone 219270000","9/19/2018 - 9/19/2018, Every day, Daily Average",685,426,1100
"1536","Traffic Zone 222420000","703","Traffic Zone 219142000","9/19/2018 - 9/19/2018, Every day, Daily Average",895,626,1278
"1536","Traffic Zone 222420000","704","Traffic Zone 219141000","9/19/2018 - 9/19/2018, Every day, Daily Average",955,678,1344
"1536","Traffic Zone 222420000","705","Traffic Zone 218910000","9/19/2018 - 9/19/2018, Every day, Daily Average",1477,1032,2112
"1536","Traffic Zone 222420000","706","Traffic Zone 221340100","9/19/2018 - 9/19/2018, Every day, Daily Average",425,277,649
"1536","Traffic Zone 222420000","707","Traffic Zone 221111000","9/19/2018 - 9/19/2018, Every day, Daily Average",828,584,1173
"1536","Traffic Zone 222420000","708","Traffic Zone 222182000","9/19/2018 - 9/19/2018, Every day, Daily Average",305,193,481
"1536","Traffic Zone 222420000","709","Traffic Zone 223832000","9/19/2018 - 9/19/2018, Every day, Daily Average",440,291,663
"1536","Traffic Zone 222420000","710","Traffic Zone 223831000","9/19/2018 - 9/19/2018, Every day, Daily Average",422,277,640
"1536","Traffic Zone 222420000","711","Traffic Zone 223772000","9/19/2018 - 9/19/2018, Every day, Daily Average",409,267,626
"1536","Traffic Zone 222420000","712","Traffic Zone 221220400","9/19/2018 - 9/19/2018, Every day, Daily Average",565,397,802
"1536","Traffic Zone 222420000","713","Traffic Zone 223771000","9/19/2018 - 9/19/2018, Every day, Daily Average",395,256,609
"1536","Traffic Zone 222420000","714","Traffic Zone 223212000","9/19/2018 - 9/19/2018, Every day, Daily Average",414,262,653
"1536","Traffic Zone 222420000","715","Traffic Zone 222171000","9/19/2018 - 9/19/2018, Every day, Daily Average",66,39,111
"1536","Traffic Zone 222420000","716","Traffic Zone 223172000","9/19/2018 - 9/19/2018, Every day, Daily Average",326,215,492
"1536","Traffic Zone 222420000","717","Traffic Zone 219130000","9/19/2018 - 9/19/2018, Every day, Daily Average",1108,796,1540
"1536","Traffic Zone 222420000","718","Traffic Zone 221112000","9/19/2018 - 9/19/2018, Every day, Daily Average",675,496,916
"1536","Traffic Zone 222420000","719","Traffic Zone 223760000","9/19/2018 - 9/19/2018, Every day, Daily Average",369,235,577
"1536","Traffic Zone 222420000","720","Traffic Zone 222270000","9/19/2018 - 9/19/2018, Every day, Daily Average",364,236,559
"1536","Traffic Zone 222420000","721","Traffic Zone 223280000","9/19/2018 - 9/19/2018, Every day, Daily Average",301,186,484
"1536","Traffic Zone 222420000","722","Traffic Zone 223190000","9/19/2018 - 9/19/2018, Every day, Daily Average",263,161,429
"1536","Traffic Zone 222420000","723","Traffic Zone 223180000","9/19/2018 - 9/19/2018, Every day, Daily Average",217,131,356
"1536","Traffic Zone 222420000","724","Traffic Zone 223110000","9/19/2018 - 9/19/2018, Every day, Daily Average",169,99,286
"1536","Traffic Zone 222420000","726","Traffic Zone 227810000","9/19/2018 - 9/19/2018, Every day, Daily Average",1329,1043,1693
"1536","Traffic Zone 222420000","727","Traffic Zone 227660200","9/19/2018 - 9/19/2018, Every day, Daily Average",1840,1286,2631
"1536","Traffic Zone 222420000","728","Traffic Zone 262010100","9/19/2018 - 9/19/2018, Every day, Daily Average",1461,1036,2059
"1536","Traffic Zone 222420000","729","Traffic Zone 262020100","9/19/2018 - 9/19/2018, Every day, Daily Average",1416,1127,1778
"1536","Traffic Zone 222420000","730","Traffic Zone 262010200","9/19/2018 - 9/19/2018, Every day, Daily Average",1990,1322,2994
"1536","Traffic Zone 222420000","731","Traffic Zone 227650000","9/19/2018 - 9/19/2018, Every day, Daily Average",1800,1209,2678
"1536","Traffic Zone 222420000","732","Traffic Zone 262030200","9/19/2018 - 9/19/2018, Every day, Daily Average",1645,1187,2279
"1536","Traffic Zone 222420000","733","Traffic Zone 262000302","9/19/2018 - 9/19/2018, Every day, Daily Average",1648,1122,2418
"1536","Traffic Zone 222420000","734","Traffic Zone 227800000","9/19/2018 - 9/19/2018, Every day, Daily Average",1313,965,1785
"1536","Traffic Zone 222420000","735","Traffic Zone 227640000","9/19/2018 - 9/19/2018, Every day, Daily Average",1730,1162,2575
"1536","Traffic Zone 222420000","737","Traffic Zone 227800002","9/19/2018 - 9/19/2018, Every day, Daily Average",1630,1197,2218
"1536","Traffic Zone 222420000","738","Traffic Zone 262030100","9/19/2018 - 9/19/2018, Every day, Daily Average",1663,1127,2451
"1536","Traffic Zone 222420000","739","Traffic Zone 262000100","9/19/2018 - 9/19/2018, Every day, Daily Average",1363,938,1979
"1536","Traffic Zone 222420000","740","Traffic Zone 262000200","9/19/2018 - 9/19/2018, Every day, Daily Average",1644,1120,2411
"1536","Traffic Zone 222420000","741","Traffic Zone 262030300","9/19/2018 - 9/19/2018, Every day, Daily Average",2022,1311,3117
"1536","Traffic Zone 222420000","742","Traffic Zone 262100200","9/19/2018 - 9/19/2018, Every day, Daily Average",1662,1271,2172
"1536","Traffic Zone 222420000","743","Traffic Zone 262090100","9/19/2018 - 9/19/2018, Every day, Daily Average",1949,1297,2928
"1536","Traffic Zone 222420000","744","Traffic Zone 227700001","9/19/2018 - 9/19/2018, Every day, Daily Average",1441,997,2082
"1536","Traffic Zone 222420000","745","Traffic Zone 227700000","9/19/2018 - 9/19/2018, Every day, Daily Average",1422,960,2105
"1536","Traffic Zone 222420000","746","Traffic Zone 262110100","9/19/2018 - 9/19/2018, Every day, Daily Average",1742,1284,2361
"1536","Traffic Zone 222420000","747","Traffic Zone 262120200","9/19/2018 - 9/19/2018, Every day, Daily Average",1774,1458,2157
"1536","Traffic Zone 222420000","748","Traffic Zone 262100100","9/19/2018 - 9/19/2018, Every day, Daily Average",1631,1166,2280
"1536","Traffic Zone 222420000","749","Traffic Zone 227800001","9/19/2018 - 9/19/2018, Every day, Daily Average",1555,1148,2104
"1536","Traffic Zone 222420000","750","Traffic Zone 262132100","9/19/2018 - 9/19/2018, Every day, Daily Average",1921,1574,2344
"1536","Traffic Zone 222420000","752","Traffic Zone 262110200","9/19/2018 - 9/19/2018, Every day, Daily Average",1373,1206,1562
"1536","Traffic Zone 222420000","753","Traffic Zone 262000301","9/19/2018 - 9/19/2018, Every day, Daily Average",1327,942,1868
"1536","Traffic Zone 222420000","754","Traffic Zone 262080000","9/19/2018 - 9/19/2018, Every day, Daily Average",1278,1010,1615
"1536","Traffic Zone 222420000","755","Traffic Zone 262040000","9/19/2018 - 9/19/2018, Every day, Daily Average",1171,928,1477
"1536","Traffic Zone 222420000","756","Traffic Zone 262040001","9/19/2018 - 9/19/2018, Every day, Daily Average",1192,889,1598
"1536","Traffic Zone 222420000","757","Traffic Zone 227600000","9/19/2018 - 9/19/2018, Every day, Daily Average",1439,996,2077
"1536","Traffic Zone 222420000","758","Traffic Zone 262120100","9/19/2018 - 9/19/2018, Every day, Daily Average",2112,1630,2735
"1536","Traffic Zone 222420000","759","Traffic Zone 262000303","9/19/2018 - 9/19/2018, Every day, Daily Average",1400,906,2161
"1536","Traffic Zone 222420000","760","Traffic Zone 262070100","9/19/2018 - 9/19/2018, Every day, Daily Average",1317,1075,1612
"1536","Traffic Zone 222420000","761","Traffic Zone 262000304","9/19/2018 - 9/19/2018, Every day, Daily Average",1364,963,1930
"1536","Traffic Zone 222420000","762","Traffic Zone 227720000","9/19/2018 - 9/19/2018, Every day, Daily Average",1538,1183,1998
"1536","Traffic Zone 222420000","763","Traffic Zone 262140000","9/19/2018 - 9/19/2018, Every day, Daily Average",2137,1907,2393
"1536","Traffic Zone 222420000","766","Traffic Zone 262000300","9/19/2018 - 9/19/2018, Every day, Daily Average",1389,971,1986
"1536","Traffic Zone 222420000","767","Traffic Zone 227710000","9/19/2018 - 9/19/2018, Every day, Daily Average",1468,1059,2034
"1536","Traffic Zone 222420000","768","Traffic Zone 262052200","9/19/2018 - 9/19/2018, Every day, Daily Average",1287,1024,1616
"1536","Traffic Zone 222420000","769","Traffic Zone 227740000","9/19/2018 - 9/19/2018, Every day, Daily Average",1450,1106,1900
"1536","Traffic Zone 222420000","770","Traffic Zone 260230200","9/19/2018 - 9/19/2018, Every day, Daily Average",1170,816,1677
"1536","Traffic Zone 222420000","771","Traffic Zone 227610000","9/19/2018 - 9/19/2018, Every day, Daily Average",1333,1011,1756
"1536","Traffic Zone 222420000","772","Traffic Zone 262050100","9/19/2018 - 9/19/2018, Every day, Daily Average",1350,952,1913
"1536","Traffic Zone 222420000","773","Traffic Zone 260220000","9/19/2018 - 9/19/2018, Every day, Daily Average",926,707,1211
"1536","Traffic Zone 222420000","774","Traffic Zone 260140100","9/19/2018 - 9/19/2018, Every day, Daily Average",1439,1040,1989
"1536","Traffic Zone 222420000","775","Traffic Zone 262052100","9/19/2018 - 9/19/2018, Every day, Daily Average",1334,1042,1706
"1536","Traffic Zone 222420000","776","Traffic Zone 260230100","9/19/2018 - 9/19/2018, Every day, Daily Average",1686,1091,2604
"1536","Traffic Zone 222420000","777","Traffic Zone 260140200","9/19/2018 - 9/19/2018, Every day, Daily Average",1412,1028,1938
"1536","Traffic Zone 222420000","778","Traffic Zone 262060200","9/19/2018 - 9/19/2018, Every day, Daily Average",1871,1375,2545
"1536","Traffic Zone 222420000","779","Traffic Zone 262060100","9/19/2018 - 9/19/2018, Every day, Daily Average",1660,1236,2229
"1536","Traffic Zone 222420000","780","Traffic Zone 260160000","9/19/2018 - 9/19/2018, Every day, Daily Average",905,688,1190
"1536","Traffic Zone 222420000","781","Traffic Zone 260150200","9/19/2018 - 9/19/2018, Every day, Daily Average",1284,877,1878
"1536","Traffic Zone 222420000","782","Traffic Zone 260150100","9/19/2018 - 9/19/2018, Every day, Daily Average",1317,931,1861
"1536","Traffic Zone 222420000","783","Traffic Zone 260130100","9/19/2018 - 9/19/2018, Every day, Daily Average",1150,865,1527
"1536","Traffic Zone 222420000","784","Traffic Zone 260130200","9/19/2018 - 9/19/2018, Every day, Daily Average",1384,1013,1890
"1536","Traffic Zone 222420000","785","Traffic Zone 260390000","9/19/2018 - 9/19/2018, Every day, Daily Average",1625,1097,2405
"1536","Traffic Zone 222420000","786","Traffic Zone 260130300","9/19/2018 - 9/19/2018, Every day, Daily Average",1311,985,1743
"1536","Traffic Zone 222420000","787","Traffic Zone 260210600","9/19/2018 - 9/19/2018, Every day, Daily Average",1444,1091,1911
"1536","Traffic Zone 222420000","788","Traffic Zone 260400000","9/19/2018 - 9/19/2018, Every day, Daily Average",1658,1148,2394
"1536","Traffic Zone 222420000","790","Traffic Zone 260210300","9/19/2018 - 9/19/2018, Every day, Daily Average",1230,896,1686
"1536","Traffic Zone 222420000","791","Traffic Zone 260121100","9/19/2018 - 9/19/2018, Every day, Daily Average",1364,1085,1713
"1536","Traffic Zone 222420000","792","Traffic Zone 260120200","9/19/2018 - 9/19/2018, Every day, Daily Average",1326,1041,1688
"1536","Traffic Zone 222420000","793","Traffic Zone 260121200","9/19/2018 - 9/19/2018, Every day, Daily Average",1576,1248,1989
"1536","Traffic Zone 222420000","794","Traffic Zone 265030000","9/19/2018 - 9/19/2018, Every day, Daily Average",1790,1309,2446
"1536","Traffic Zone 222420000","795","Traffic Zone 260091100","9/19/2018 - 9/19/2018, Every day, Daily Average",1280,975,1679
"1536","Traffic Zone 222420000","796","Traffic Zone 260090200","9/19/2018 - 9/19/2018, Every day, Daily Average",1231,936,1618
"1536","Traffic Zone 222420000","797","Traffic Zone 260170000","9/19/2018 - 9/19/2018, Every day, Daily Average",863,656,1134
"1536","Traffic Zone 222420000","798","Traffic Zone 260180200","9/19/2018 - 9/19/2018, Every day, Daily Average",1080,756,1542
"1536","Traffic Zone 222420000","799","Traffic Zone 260180100","9/19/2018 - 9/19/2018, Every day, Daily Average",1187,880,1600
"1536","Traffic Zone 222420000","800","Traffic Zone 260410000","9/19/2018 - 9/19/2018, Every day, Daily Average",1980,1398,2802
"1536","Traffic Zone 222420000","801","Traffic Zone 260380000","9/19/2018 - 9/19/2018, Every day, Daily Average",1556,1139,2124
"1536","Traffic Zone 222420000","802","Traffic Zone 260240400","9/19/2018 - 9/19/2018, Every day, Daily Average",1483,1069,2056
"1536","Traffic Zone 222420000","803","Traffic Zone 260240300","9/19/2018 - 9/19/2018, Every day, Daily Average",1312,988,1741
"1536","Traffic Zone 222420000","804","Traffic Zone 260210500","9/19/2018 - 9/19/2018, Every day, Daily Average",1139,868,1493
"1536","Traffic Zone 222420000","805","Traffic Zone 260210400","9/19/2018 - 9/19/2018, Every day, Daily Average",841,637,1109
"1536","Traffic Zone 222420000","806","Traffic Zone 260100100","9/19/2018 - 9/19/2018, Every day, Daily Average",1332,1080,1642
"1536","Traffic Zone 222420000","807","Traffic Zone 260110000","9/19/2018 - 9/19/2018, Every day, Daily Average",1299,1028,1639
"1536","Traffic Zone 222420000","808","Traffic Zone 260100101","9/19/2018 - 9/19/2018, Every day, Daily Average",1368,1083,1727
"1536","Traffic Zone 222420000","809","Traffic Zone 260100200","9/19/2018 - 9/19/2018, Every day, Daily Average",1411,1103,1803
"1536","Traffic Zone 222420000","810","Traffic Zone 260091200","9/19/2018 - 9/19/2018, Every day, Daily Average",1177,908,1524
"1536","Traffic Zone 222420000","811","Traffic Zone 260370300","9/19/2018 - 9/19/2018, Every day, Daily Average",1317,1159,1496
"1536","Traffic Zone 222420000","812","Traffic Zone 265020000","9/19/2018 - 9/19/2018, Every day, Daily Average",1416,1030,1944
"1536","Traffic Zone 222420000","813","Traffic Zone 260250200","9/19/2018 - 9/19/2018, Every day, Daily Average",1514,1123,2040
"1536","Traffic Zone 222420000","814","Traffic Zone 260200200","9/19/2018 - 9/19/2018, Every day, Daily Average",822,620,1088
"1536","Traffic Zone 222420000","815","Traffic Zone 260200300","9/19/2018 - 9/19/2018, Every day, Daily Average",1339,911,1966
"1536","Traffic Zone 222420000","816","Traffic Zone 260190000","9/19/2018 - 9/19/2018, Every day, Daily Average",1333,933,1902
"1536","Traffic Zone 222420000","817","Traffic Zone 265000200","9/19/2018 - 9/19/2018, Every day, Daily Average",1665,1173,2363
"1536","Traffic Zone 222420000","818","Traffic Zone 260070300","9/19/2018 - 9/19/2018, Every day, Daily Average",1075,802,1439
"1536","Traffic Zone 222420000","819","Traffic Zone 260370200","9/19/2018 - 9/19/2018, Every day, Daily Average",1691,1217,2348
"1536","Traffic Zone 222420000","820","Traffic Zone 260250101","9/19/2018 - 9/19/2018, Every day, Daily Average",1151,811,1632
"1536","Traffic Zone 222420000","821","Traffic Zone 260250100","9/19/2018 - 9/19/2018, Every day, Daily Average",1041,710,1525
"1536","Traffic Zone 222420000","822","Traffic Zone 265010200","9/19/2018 - 9/19/2018, Every day, Daily Average",1422,1055,1916
"1536","Traffic Zone 222420000","823","Traffic Zone 260080200","9/19/2018 - 9/19/2018, Every day, Daily Average",1199,850,1691
"1536","Traffic Zone 222420000","824","Traffic Zone 260370400","9/19/2018 - 9/19/2018, Every day, Daily Average",1318,1023,1696
"1536","Traffic Zone 222420000","825","Traffic Zone 260250300","9/19/2018 - 9/19/2018, Every day, Daily Average",1272,929,1740
"1536","Traffic Zone 222420000","826","Traffic Zone 260200400","9/19/2018 - 9/19/2018, Every day, Daily Average",1243,865,1784
"1536","Traffic Zone 222420000","827","Traffic Zone 260060200","9/19/2018 - 9/19/2018, Every day, Daily Average",1254,941,1670
"1536","Traffic Zone 222420000","828","Traffic Zone 260070200","9/19/2018 - 9/19/2018, Every day, Daily Average",1191,923,1536
"1536","Traffic Zone 222420000","829","Traffic Zone 260050200","9/19/2018 - 9/19/2018, Every day, Daily Average",790,591,1055
"1536","Traffic Zone 222420000","830","Traffic Zone 260070400","9/19/2018 - 9/19/2018, Every day, Daily Average",1020,718,1447
"1536","Traffic Zone 222420000","831","Traffic Zone 260360000","9/19/2018 - 9/19/2018, Every day, Daily Average",1544,1157,2059
"1536","Traffic Zone 222420000","832","Traffic Zone 260050100","9/19/2018 - 9/19/2018, Every day, Daily Average",1207,852,1708
"1536","Traffic Zone 222420000","833","Traffic Zone 260060100","9/19/2018 - 9/19/2018, Every day, Daily Average",1113,853,1451
"1536","Traffic Zone 222420000","834","Traffic Zone 260080100","9/19/2018 - 9/19/2018, Every day, Daily Average",1051,698,1581
"1536","Traffic Zone 222420000","835","Traffic Zone 265000100","9/19/2018 - 9/19/2018, Every day, Daily Average",1667,1115,2492
"1536","Traffic Zone 222420000","836","Traffic Zone 260350000","9/19/2018 - 9/19/2018, Every day, Daily Average",1581,1121,2229
"1536","Traffic Zone 222420000","837","Traffic Zone 265010100","9/19/2018 - 9/19/2018, Every day, Daily Average",1291,937,1777
"1536","Traffic Zone 222420000","838","Traffic Zone 260260000","9/19/2018 - 9/19/2018, Every day, Daily Average",1410,956,2078
"1536","Traffic Zone 222420000","839","Traffic Zone 260270000","9/19/2018 - 9/19/2018, Every day, Daily Average",739,547,997
"1536","Traffic Zone 222420000","840","Traffic Zone 260340000","9/19/2018 - 9/19/2018, Every day, Daily Average",1209,952,1535
"1536","Traffic Zone 222420000","841","Traffic Zone 260040000","9/19/2018 - 9/19/2018, Every day, Daily Average",1086,817,1442
"1536","Traffic Zone 222420000","842","Traffic Zone 260290000","9/19/2018 - 9/19/2018, Every day, Daily Average",1156,784,1703
"1536","Traffic Zone 222420000","843","Traffic Zone 260330100","9/19/2018 - 9/19/2018, Every day, Daily Average",1175,950,1452
"1536","Traffic Zone 222420000","844","Traffic Zone 260330200","9/19/2018 - 9/19/2018, Every day, Daily Average",1336,967,1845
"1536","Traffic Zone 222420000","845","Traffic Zone 260300300","9/19/2018 - 9/19/2018, Every day, Daily Average",1158,864,1551
"1536","Traffic Zone 222420000","846","Traffic Zone 260030200","9/19/2018 - 9/19/2018, Every day, Daily Average",1023,766,1365
"1536","Traffic Zone 222420000","847","Traffic Zone 260320000","9/19/2018 - 9/19/2018, Every day, Daily Average",1320,932,1869
"1536","Traffic Zone 222420000","848","Traffic Zone 260280000","9/19/2018 - 9/19/2018, Every day, Daily Average",668,487,914
"1536","Traffic Zone 222420000","849","Traffic Zone 260020200","9/19/2018 - 9/19/2018, Every day, Daily Average",894,653,1223
"1536","Traffic Zone 222420000","850","Traffic Zone 260020100","9/19/2018 - 9/19/2018, Every day, Daily Average",826,590,1156
"1536","Traffic Zone 222420000","851","Traffic Zone 260300400","9/19/2018 - 9/19/2018, Every day, Daily Average",1069,756,1510
"1536","Traffic Zone 222420000","852","Traffic Zone 260300100","9/19/2018 - 9/19/2018, Every day, Daily Average",1090,729,1628
"1536","Traffic Zone 222420000","853","Traffic Zone 260310200","9/19/2018 - 9/19/2018, Every day, Daily Average",1059,743,1508
"1536","Traffic Zone 222420000","854","Traffic Zone 260310100","9/19/2018 - 9/19/2018, Every day, Daily Average",1074,779,1480
"1536","Traffic Zone 222420000","855","Traffic Zone 260290001","9/19/2018 - 9/19/2018, Every day, Daily Average",1121,714,1759
"1536","Traffic Zone 222420000","856","Traffic Zone 260030100","9/19/2018 - 9/19/2018, Every day, Daily Average",962,708,1306
"1536","Traffic Zone 222420000","857","Traffic Zone 260010000","9/19/2018 - 9/19/2018, Every day, Daily Average",1020,641,1622
"1536","Traffic Zone 222420000","858","Traffic Zone 229121000","9/19/2018 - 9/19/2018, Every day, Daily Average",793,573,1096
"1536","Traffic Zone 222420000","859","Traffic Zone 229130000","9/19/2018 - 9/19/2018, Every day, Daily Average",902,667,1219
"1536","Traffic Zone 222420000","860","Traffic Zone 229122000","9/19/2018 - 9/19/2018, Every day, Daily Average",823,612,1106
"1536","Traffic Zone 222420000","861","Traffic Zone 229113000","9/19/2018 - 9/19/2018, Every day, Daily Average",748,528,1059
"1536","Traffic Zone 222420000","862","Traffic Zone 229112000","9/19/2018 - 9/19/2018, Every day, Daily Average",713,493,1030
"1536","Traffic Zone 222420000","863","Traffic Zone 229111000","9/19/2018 - 9/19/2018, Every day, Daily Average",692,469,1019
"1536","Traffic Zone 222420000","877","Traffic Zone 265050200","9/19/2018 - 9/19/2018, Every day, Daily Average",2018,1444,2819
"1536","Traffic Zone 222420000","878","Traffic Zone 265060300","9/19/2018 - 9/19/2018, Every day, Daily Average",1802,1482,2189
"1536","Traffic Zone 222420000","879","Traffic Zone 265070200","9/19/2018 - 9/19/2018, Every day, Daily Average",2068,1701,2513
"1536","Traffic Zone 222420000","881","Traffic Zone 265060200","9/19/2018 - 9/19/2018, Every day, Daily Average",1883,1538,2304
"1536","Traffic Zone 222420000","883","Traffic Zone 265050100","9/19/2018 - 9/19/2018, Every day, Daily Average",1844,1412,2407
"1536","Traffic Zone 222420000","884","Traffic Zone 267020200","9/19/2018 - 9/19/2018, Every day, Daily Average",1873,1589,2206
"1536","Traffic Zone 222420000","889","Traffic Zone 265060100","9/19/2018 - 9/19/2018, Every day, Daily Average",1896,1420,2531
"1536","Traffic Zone 222420000","890","Traffic Zone 265070100","9/19/2018 - 9/19/2018, Every day, Daily Average",2080,1567,2760
"1536","Traffic Zone 222420000","893","Traffic Zone 265140000","9/19/2018 - 9/19/2018, Every day, Daily Average",2070,1539,2782
"1536","Traffic Zone 222420000","895","Traffic Zone 265040001","9/19/2018 - 9/19/2018, Every day, Daily Average",1703,1288,2250
"1536","Traffic Zone 222420000","896","Traffic Zone 265110100","9/19/2018 - 9/19/2018, Every day, Daily Average",1772,1464,2143
"1536","Traffic Zone 222420000","899","Traffic Zone 265040000","9/19/2018 - 9/19/2018, Every day, Daily Average",1417,1248,1608
"1536","Traffic Zone 222420000","906","Traffic Zone 265090200","9/19/2018 - 9/19/2018, Every day, Daily Average",1355,1066,1721
"1536","Traffic Zone 222420000","907","Traffic Zone 265090100","9/19/2018 - 9/19/2018, Every day, Daily Average",1272,1071,1510
"1536","Traffic Zone 222420000","908","Traffic Zone 265090101","9/19/2018 - 9/19/2018, Every day, Daily Average",1299,1007,1674
"1536","Traffic Zone 222420000","909","Traffic Zone 267070100","9/19/2018 - 9/19/2018, Every day, Daily Average",1955,1560,2449
"1536","Traffic Zone 222420000","911","Traffic Zone 267010000","9/19/2018 - 9/19/2018, Every day, Daily Average",1750,1473,2078
"1536","Traffic Zone 222420000","915","Traffic Zone 229640000","9/19/2018 - 9/19/2018, Every day, Daily Average",1474,1287,1688
"1536","Traffic Zone 222420000","916","Traffic Zone 229330400","9/19/2018 - 9/19/2018, Every day, Daily Average",1430,1145,1784
"1536","Traffic Zone 222420000","917","Traffic Zone 229330500","9/19/2018 - 9/19/2018, Every day, Daily Average",1584,1020,2458
"1536","Traffic Zone 222420000","919","Traffic Zone 260990000","9/19/2018 - 9/19/2018, Every day, Daily Average",1384,1206,1588
"1536","Traffic Zone 222420000","920","Traffic Zone 229320200","9/19/2018 - 9/19/2018, Every day, Daily Average",1506,1193,1900
"1536","Traffic Zone 222420000","923","Traffic Zone 229200001","9/19/2018 - 9/19/2018, Every day, Daily Average",1121,982,1278
"1536","Traffic Zone 222420000","925","Traffic Zone 229630000","9/19/2018 - 9/19/2018, Every day, Daily Average",1321,1074,1624
"1536","Traffic Zone 222420000","927","Traffic Zone 229200000","9/19/2018 - 9/19/2018, Every day, Daily Average",1097,858,1402
"1536","Traffic Zone 222420000","929","Traffic Zone 229510100","9/19/2018 - 9/19/2018, Every day, Daily Average",1344,1038,1739
"1536","Traffic Zone 222420000","930","Traffic Zone 229650000","9/19/2018 - 9/19/2018, Every day, Daily Average",1326,1088,1615
"1536","Traffic Zone 222420000","931","Traffic Zone 254360300","9/19/2018 - 9/19/2018, Every day, Daily Average",1159,889,1510
"1536","Traffic Zone 222420000","932","Traffic Zone 229660000","9/19/2018 - 9/19/2018, Every day, Daily Average",1331,1144,1548
"1536","Traffic Zone 222420000","933","Traffic Zone 254360200","9/19/2018 - 9/19/2018, Every day, Daily Average",1155,872,1529
"1536","Traffic Zone 222420000","934","Traffic Zone 254350300","9/19/2018 - 9/19/2018, Every day, Daily Average",1057,802,1392
"1536","Traffic Zone 222420000","935","Traffic Zone 254350200","9/19/2018 - 9/19/2018, Every day, Daily Average",1002,751,1335
"1536","Traffic Zone 222420000","936","Traffic Zone 229442000","9/19/2018 - 9/19/2018, Every day, Daily Average",1258,972,1627
"1536","Traffic Zone 222420000","937","Traffic Zone 229441000","9/19/2018 - 9/19/2018, Every day, Daily Average",1200,915,1572
"1536","Traffic Zone 222420000","940","Traffic Zone 229622000","9/19/2018 - 9/19/2018, Every day, Daily Average",1516,1255,1830
"1536","Traffic Zone 222420000","941","Traffic Zone 254350100","9/19/2018 - 9/19/2018, Every day, Daily Average",997,726,1367
"1536","Traffic Zone 222420000","942","Traffic Zone 254360400","9/19/2018 - 9/19/2018, Every day, Daily Average",1437,1066,1936
"1536","Traffic Zone 222420000","943","Traffic Zone 254360100","9/19/2018 - 9/19/2018, Every day, Daily Average",1382,1041,1833
"1536","Traffic Zone 222420000","944","Traffic Zone 229430000","9/19/2018 - 9/19/2018, Every day, Daily Average",1507,1133,2004
"1536","Traffic Zone 222420000","945","Traffic Zone 229621000","9/19/2018 - 9/19/2018, Every day, Daily Average",1594,1286,1975
"1536","Traffic Zone 222420000","946","Traffic Zone 229712000","9/19/2018 - 9/19/2018, Every day, Daily Average",1677,1362,2063
"1536","Traffic Zone 222420000","947","Traffic Zone 254340000","9/19/2018 - 9/19/2018, Every day, Daily Average",1156,866,1542
"1536","Traffic Zone 222420000","950","Traffic Zone 254380100","9/19/2018 - 9/19/2018, Every day, Daily Average",1185,817,1717
"1536","Traffic Zone 222420000","951","Traffic Zone 254380200","9/19/2018 - 9/19/2018, Every day, Daily Average",1498,1083,2071
"1536","Traffic Zone 222420000","955","Traffic Zone 254370100","9/19/2018 - 9/19/2018, Every day, Daily Average",1502,1125,2005
"1536","Traffic Zone 222420000","960","Traffic Zone 254390300","9/19/2018 - 9/19/2018, Every day, Daily Average",1365,913,2039
"1536","Traffic Zone 222420000","962","Traffic Zone 229610000","9/19/2018 - 9/19/2018, Every day, Daily Average",1908,1608,2263
"1536","Traffic Zone 222420000","964","Traffic Zone 254332200","9/19/2018 - 9/19/2018, Every day, Daily Average",1260,993,1598
"1536","Traffic Zone 222420000","965","Traffic Zone 254332100","9/19/2018 - 9/19/2018, Every day, Daily Average",1206,908,1600
"1536","Traffic Zone 222420000","966","Traffic Zone 254330300","9/19/2018 - 9/19/2018, Every day, Daily Average",1710,1264,2313
"1536","Traffic Zone 222420000","968","Traffic Zone 254390400","9/19/2018 - 9/19/2018, Every day, Daily Average",1476,985,2210
"1536","Traffic Zone 222420000","970","Traffic Zone 254332101","9/19/2018 - 9/19/2018, Every day, Daily Average",1326,1041,1687
"1536","Traffic Zone 222420000","971","Traffic Zone 254330400","9/19/2018 - 9/19/2018, Every day, Daily Average",1488,1213,1824
"1536","Traffic Zone 222420000","974","Traffic Zone 254330502","9/19/2018 - 9/19/2018, Every day, Daily Average",1401,1028,1908
"1536","Traffic Zone 222420000","975","Traffic Zone 229412000","9/19/2018 - 9/19/2018, Every day, Daily Average",1511,1012,2255
"1536","Traffic Zone 222420000","976","Traffic Zone 254400000","9/19/2018 - 9/19/2018, Every day, Daily Average",1645,1093,2473
"1536","Traffic Zone 222420000","977","Traffic Zone 254400001","9/19/2018 - 9/19/2018, Every day, Daily Average",1837,1336,2524
"1536","Traffic Zone 222420000","978","Traffic Zone 254330500","9/19/2018 - 9/19/2018, Every day, Daily Average",1563,1109,2202
"1536","Traffic Zone 222420000","980","Traffic Zone 257560000","9/19/2018 - 9/19/2018, Every day, Daily Average",1963,1502,2565
"1536","Traffic Zone 222420000","981","Traffic Zone 257230100","9/19/2018 - 9/19/2018, Every day, Daily Average",1552,1033,2329
"1536","Traffic Zone 222420000","984","Traffic Zone 257550000","9/19/2018 - 9/19/2018, Every day, Daily Average",1869,1400,2495
"1536","Traffic Zone 222420000","985","Traffic Zone 257260000","9/19/2018 - 9/19/2018, Every day, Daily Average",1795,1327,2426
"1536","Traffic Zone 222420000","986","Traffic Zone 257270000","9/19/2018 - 9/19/2018, Every day, Daily Average",1831,1364,2456
"1536","Traffic Zone 222420000","987","Traffic Zone 257290000","9/19/2018 - 9/19/2018, Every day, Daily Average",1838,1364,2476
"1536","Traffic Zone 222420000","988","Traffic Zone 257230200","9/19/2018 - 9/19/2018, Every day, Daily Average",1764,1298,2396
"1536","Traffic Zone 222420000","989","Traffic Zone 257240000","9/19/2018 - 9/19/2018, Every day, Daily Average",1636,1105,2421
"1536","Traffic Zone 222420000","991","Traffic Zone 257590100","9/19/2018 - 9/19/2018, Every day, Daily Average",1925,1474,2512
"1536","Traffic Zone 222420000","992","Traffic Zone 257210000","9/19/2018 - 9/19/2018, Every day, Daily Average",1643,1083,2491
"1536","Traffic Zone 222420000","994","Traffic Zone 257600000","9/19/2018 - 9/19/2018, Every day, Daily Average",2057,1570,2694
"1536","Traffic Zone 222420000","996","Traffic Zone 257170100","9/19/2018 - 9/19/2018, Every day, Daily Average",1718,1232,2394
"1536","Traffic Zone 222420000","998","Traffic Zone 257040100","9/19/2018 - 9/19/2018, Every day, Daily Average",1535,1005,2342
"1536","Traffic Zone 222420000","1000","Traffic Zone 257040200","9/19/2018 - 9/19/2018, Every day, Daily Average",1568,1113,2208
"1536","Traffic Zone 222420000","1003","Traffic Zone 257590200","9/19/2018 - 9/19/2018, Every day, Daily Average",2013,1546,2620
"1536","Traffic Zone 222420000","1004","Traffic Zone 257220100","9/19/2018 - 9/19/2018, Every day, Daily Average",1707,1137,2561
"1536","Traffic Zone 222420000","1007","Traffic Zone 257200200","9/19/2018 - 9/19/2018, Every day, Daily Average",1684,1114,2545
"1536","Traffic Zone 222420000","1011","Traffic Zone 257030100","9/19/2018 - 9/19/2018, Every day, Daily Average",1558,1070,2267
"1536","Traffic Zone 222420000","1012","Traffic Zone 257220200","9/19/2018 - 9/19/2018, Every day, Daily Average",1936,1238,3025
"1536","Traffic Zone 222420000","1014","Traffic Zone 257610000","9/19/2018 - 9/19/2018, Every day, Daily Average",2292,1796,2923
"1536","Traffic Zone 222420000","1015","Traffic Zone 257620000","9/19/2018 - 9/19/2018, Every day, Daily Average",2242,1729,2906
"1536","Traffic Zone 222420000","1021","Traffic Zone 257340100","9/19/2018 - 9/19/2018, Every day, Daily Average",1746,1164,2618
"1536","Traffic Zone 222420000","1024","Traffic Zone 257660100","9/19/2018 - 9/19/2018, Every day, Daily Average",2368,1906,2940
"1536","Traffic Zone 222420000","1028","Traffic Zone 257350000","9/19/2018 - 9/19/2018, Every day, Daily Average",2037,1313,3160
"1536","Traffic Zone 222420000","1029","Traffic Zone 257020200","9/19/2018 - 9/19/2018, Every day, Daily Average",1617,1040,2512
"1536","Traffic Zone 222420000","1037","Traffic Zone 257660200","9/19/2018 - 9/19/2018, Every day, Daily Average",2444,1930,3094
"1536","Traffic Zone 222420000","1042","Traffic Zone 257340200","9/19/2018 - 9/19/2018, Every day, Daily Average",2098,1412,3116
"1536","Traffic Zone 222420000","1051","Traffic Zone 257020300","9/19/2018 - 9/19/2018, Every day, Daily Average",1793,1288,2495
"1536","Traffic Zone 222420000","1056","Traffic Zone 257350002","9/19/2018 - 9/19/2018, Every day, Daily Average",1813,1232,2667
"1536","Traffic Zone 222420000","1058","Traffic Zone 257350001","9/19/2018 - 9/19/2018, Every day, Daily Average",1845,1236,2753
"1536","Traffic Zone 222420000","1065","Traffic Zone 257500100","9/19/2018 - 9/19/2018, Every day, Daily Average",2062,1566,2714
"1536","Traffic Zone 222420000","1066","Traffic Zone 257420200","9/19/2018 - 9/19/2018, Every day, Daily Average",1866,1274,2732
"1536","Traffic Zone 222420000","1070","Traffic Zone 257490200","9/19/2018 - 9/19/2018, Every day, Daily Average",2187,1754,2726
"1536","Traffic Zone 222420000","1075","Traffic Zone 257420100","9/19/2018 - 9/19/2018, Every day, Daily Average",1916,1293,2838
"1536","Traffic Zone 222420000","1086","Traffic Zone 257430000","9/19/2018 - 9/19/2018, Every day, Daily Average",1835,1279,2631
"1536","Traffic Zone 222420000","1097","Traffic Zone 257440000","9/19/2018 - 9/19/2018, Every day, Daily Average",1869,1303,2679
"1536","Traffic Zone 222420000","1100","Traffic Zone 257450000","9/19/2018 - 9/19/2018, Every day, Daily Average",1904,1335,2715
"1536","Traffic Zone 222420000","1101","Traffic Zone 257390100","9/19/2018 - 9/19/2018, Every day, Daily Average",2003,1376,2914
"1536","Traffic Zone 222420000","1104","Traffic Zone 224050000","9/19/2018 - 9/19/2018, Every day, Daily Average",499,343,725
"1536","Traffic Zone 222420000","1105","Traffic Zone 224020000","9/19/2018 - 9/19/2018, Every day, Daily Average",462,311,685
"1536","Traffic Zone 222420000","1106","Traffic Zone 224140000","9/19/2018 - 9/19/2018, Every day, Daily Average",568,402,802
"1536","Traffic Zone 222420000","1107","Traffic Zone 224112000","9/19/2018 - 9/19/2018, Every day, Daily Average",543,382,770
"1536","Traffic Zone 222420000","1108","Traffic Zone 224111000","9/19/2018 - 9/19/2018, Every day, Daily Average",521,364,745
"1536","Traffic Zone 222420000","1109","Traffic Zone 223931000","9/19/2018 - 9/19/2018, Every day, Daily Average",591,375,931
"1536","Traffic Zone 222420000","1110","Traffic Zone 254100100","9/19/2018 - 9/19/2018, Every day, Daily Average",1163,802,1684
"1536","Traffic Zone 222420000","1111","Traffic Zone 254100200","9/19/2018 - 9/19/2018, Every day, Daily Average",1049,783,1405
"1536","Traffic Zone 222420000","1112","Traffic Zone 254090200","9/19/2018 - 9/19/2018, Every day, Daily Average",1334,877,2028
"1536","Traffic Zone 222420000","1113","Traffic Zone 254090100","9/19/2018 - 9/19/2018, Every day, Daily Average",680,456,1012
"1536","Traffic Zone 222420000","1114","Traffic Zone 223970000","9/19/2018 - 9/19/2018, Every day, Daily Average",801,545,1175
"1536","Traffic Zone 222420000","1115","Traffic Zone 223960000","9/19/2018 - 9/19/2018, Every day, Daily Average",581,407,828
"1536","Traffic Zone 222420000","1116","Traffic Zone 223932000","9/19/2018 - 9/19/2018, Every day, Daily Average",633,413,969
"1536","Traffic Zone 222420000","1117","Traffic Zone 222842000","9/19/2018 - 9/19/2018, Every day, Daily Average",394,258,600
"1536","Traffic Zone 222420000","1118","Traffic Zone 222941000","9/19/2018 - 9/19/2018, Every day, Daily Average",644,412,1006
"1536","Traffic Zone 222420000","1119","Traffic Zone 222930000","9/19/2018 - 9/19/2018, Every day, Daily Average",667,414,1072
"1536","Traffic Zone 222420000","1120","Traffic Zone 222850000","9/19/2018 - 9/19/2018, Every day, Daily Average",515,336,787
"1536","Traffic Zone 222420000","1121","Traffic Zone 222841000","9/19/2018 - 9/19/2018, Every day, Daily Average",475,318,708
"1536","Traffic Zone 222420000","1122","Traffic Zone 224060000","9/19/2018 - 9/19/2018, Every day, Daily Average",786,562,1099
"1536","Traffic Zone 222420000","1123","Traffic Zone 223920000","9/19/2018 - 9/19/2018, Every day, Daily Average",687,447,1055
"1536","Traffic Zone 222420000","1124","Traffic Zone 224002000","9/19/2018 - 9/19/2018, Every day, Daily Average",1008,711,1428
"1536","Traffic Zone 222420000","1125","Traffic Zone 224001000","9/19/2018 - 9/19/2018, Every day, Daily Average",844,567,1254
"1536","Traffic Zone 222420000","1126","Traffic Zone 223980000","9/19/2018 - 9/19/2018, Every day, Daily Average",825,589,1154
"1536","Traffic Zone 222420000","1127","Traffic Zone 222832000","9/19/2018 - 9/19/2018, Every day, Daily Average",648,426,983
"1536","Traffic Zone 222420000","1128","Traffic Zone 223950000","9/19/2018 - 9/19/2018, Every day, Daily Average",768,542,1087
"1536","Traffic Zone 222420000","1129","Traffic Zone 223933000","9/19/2018 - 9/19/2018, Every day, Daily Average",718,479,1074
"1536","Traffic Zone 222420000","1130","Traffic Zone 224090000","9/19/2018 - 9/19/2018, Every day, Daily Average",1023,705,1483
"1536","Traffic Zone 222420000","1131","Traffic Zone 224080000","9/19/2018 - 9/19/2018, Every day, Daily Average",980,663,1446
"1536","Traffic Zone 222420000","1132","Traffic Zone 222831000","9/19/2018 - 9/19/2018, Every day, Daily Average",621,425,906
"1536","Traffic Zone 222420000","1133","Traffic Zone 224100000","9/19/2018 - 9/19/2018, Every day, Daily Average",927,602,1427
"1536","Traffic Zone 222420000","1134","Traffic Zone 222670000","9/19/2018 - 9/19/2018, Every day, Daily Average",557,358,866
"1536","Traffic Zone 222420000","1135","Traffic Zone 222641000","9/19/2018 - 9/19/2018, Every day, Daily Average",459,294,716
"1536","Traffic Zone 222420000","1136","Traffic Zone 254110000","9/19/2018 - 9/19/2018, Every day, Daily Average",1302,926,1829
"1536","Traffic Zone 222420000","1137","Traffic Zone 254080000","9/19/2018 - 9/19/2018, Every day, Daily Average",990,768,1275
"1536","Traffic Zone 222420000","1138","Traffic Zone 222942000","9/19/2018 - 9/19/2018, Every day, Daily Average",733,517,1038
"1536","Traffic Zone 222420000","1139","Traffic Zone 222920000","9/19/2018 - 9/19/2018, Every day, Daily Average",754,512,1108
"1536","Traffic Zone 222420000","1140","Traffic Zone 222860000","9/19/2018 - 9/19/2018, Every day, Daily Average",603,426,852
"1536","Traffic Zone 222420000","1141","Traffic Zone 254300000","9/19/2018 - 9/19/2018, Every day, Daily Average",1338,963,1857
"1536","Traffic Zone 222420000","1142","Traffic Zone 224070000","9/19/2018 - 9/19/2018, Every day, Daily Average",946,687,1300
"1536","Traffic Zone 222420000","1143","Traffic Zone 222642000","9/19/2018 - 9/19/2018, Every day, Daily Average",460,282,749
"1536","Traffic Zone 222420000","1144","Traffic Zone 254120000","9/19/2018 - 9/19/2018, Every day, Daily Average",1351,1012,1803
"1536","Traffic Zone 222420000","1145","Traffic Zone 254310000","9/19/2018 - 9/19/2018, Every day, Daily Average",1165,856,1585
"1536","Traffic Zone 222420000","1146","Traffic Zone 222871000","9/19/2018 - 9/19/2018, Every day, Daily Average",732,513,1042
"1536","Traffic Zone 222420000","1147","Traffic Zone 222821000","9/19/2018 - 9/19/2018, Every day, Daily Average",691,483,987
"1536","Traffic Zone 222420000","1148","Traffic Zone 253290000","9/19/2018 - 9/19/2018, Every day, Daily Average",835,586,1188
"1536","Traffic Zone 222420000","1149","Traffic Zone 253280000","9/19/2018 - 9/19/2018, Every day, Daily Average",826,600,1135
"1536","Traffic Zone 222420000","1150","Traffic Zone 222910000","9/19/2018 - 9/19/2018, Every day, Daily Average",802,592,1085
"1536","Traffic Zone 222420000","1151","Traffic Zone 222822000","9/19/2018 - 9/19/2018, Every day, Daily Average",711,509,992
"1536","Traffic Zone 222420000","1152","Traffic Zone 222702000","9/19/2018 - 9/19/2018, Every day, Daily Average",609,391,946
"1536","Traffic Zone 222420000","1153","Traffic Zone 224260000","9/19/2018 - 9/19/2018, Every day, Daily Average",1258,895,1767
"1536","Traffic Zone 222420000","1154","Traffic Zone 224200000","9/19/2018 - 9/19/2018, Every day, Daily Average",1080,767,1520
"1536","Traffic Zone 222420000","1155","Traffic Zone 222600000","9/19/2018 - 9/19/2018, Every day, Daily Average",223,122,405
"1536","Traffic Zone 222420000","1156","Traffic Zone 253500000","9/19/2018 - 9/19/2018, Every day, Daily Average",922,723,1174
"1536","Traffic Zone 222420000","1157","Traffic Zone 253520000","9/19/2018 - 9/19/2018, Every day, Daily Average",1061,750,1499
"1536","Traffic Zone 222420000","1158","Traffic Zone 253510200","9/19/2018 - 9/19/2018, Every day, Daily Average",925,656,1303
"1536","Traffic Zone 222420000","1159","Traffic Zone 222600001","9/19/2018 - 9/19/2018, Every day, Daily Average",196,98,391
"1536","Traffic Zone 222420000","1160","Traffic Zone 222872000","9/19/2018 - 9/19/2018, Every day, Daily Average",680,523,882
"1536","Traffic Zone 222420000","1162","Traffic Zone 253510100","9/19/2018 - 9/19/2018, Every day, Daily Average",946,700,1277
"1536","Traffic Zone 222420000","1163","Traffic Zone 254070000","9/19/2018 - 9/19/2018, Every day, Daily Average",1024,675,1553
"1536","Traffic Zone 222420000","1164","Traffic Zone 224230000","9/19/2018 - 9/19/2018, Every day, Daily Average",1098,790,1524
"1536","Traffic Zone 222420000","1165","Traffic Zone 222701000","9/19/2018 - 9/19/2018, Every day, Daily Average",430,276,669
"1536","Traffic Zone 222420000","1167","Traffic Zone 222810000","9/19/2018 - 9/19/2018, Every day, Daily Average",538,351,822
"1536","Traffic Zone 222420000","1168","Traffic Zone 222600002","9/19/2018 - 9/19/2018, Every day, Daily Average",231,130,408
"1536","Traffic Zone 222420000","1169","Traffic Zone 254130000","9/19/2018 - 9/19/2018, Every day, Daily Average",994,815,1211
"1536","Traffic Zone 222420000","1170","Traffic Zone 220630000","9/19/2018 - 9/19/2018, Every day, Daily Average",579,405,826
"1536","Traffic Zone 222420000","1171","Traffic Zone 224270000","9/19/2018 - 9/19/2018, Every day, Daily Average",1069,842,1356
"1536","Traffic Zone 222420000","1172","Traffic Zone 222880000","9/19/2018 - 9/19/2018, Every day, Daily Average",666,459,966
"1536","Traffic Zone 222420000","1173","Traffic Zone 222890000","9/19/2018 - 9/19/2018, Every day, Daily Average",725,499,1051
"1536","Traffic Zone 222420000","1174","Traffic Zone 220620000","9/19/2018 - 9/19/2018, Every day, Daily Average",644,451,917
"1536","Traffic Zone 222420000","1175","Traffic Zone 220740000","9/19/2018 - 9/19/2018, Every day, Daily Average",584,358,950
"1536","Traffic Zone 222420000","1176","Traffic Zone 253270000","9/19/2018 - 9/19/2018, Every day, Daily Average",882,648,1200
"1536","Traffic Zone 222420000","1177","Traffic Zone 253300000","9/19/2018 - 9/19/2018, Every day, Daily Average",915,680,1231
"1536","Traffic Zone 222420000","1179","Traffic Zone 224220000","9/19/2018 - 9/19/2018, Every day, Daily Average",1148,931,1414
"1536","Traffic Zone 222420000","1180","Traffic Zone 254250100","9/19/2018 - 9/19/2018, Every day, Daily Average",1498,1129,1986
"1536","Traffic Zone 222420000","1181","Traffic Zone 253490000","9/19/2018 - 9/19/2018, Every day, Daily Average",1064,848,1334
"1536","Traffic Zone 222420000","1182","Traffic Zone 253530000","9/19/2018 - 9/19/2018, Every day, Daily Average",1140,851,1526
"1536","Traffic Zone 222420000","1183","Traffic Zone 224210000","9/19/2018 - 9/19/2018, Every day, Daily Average",1063,942,1199
"1536","Traffic Zone 222420000","1185","Traffic Zone 224310000","9/19/2018 - 9/19/2018, Every day, Daily Average",1099,825,1462
"1536","Traffic Zone 222420000","1186","Traffic Zone 253240003","9/19/2018 - 9/19/2018, Every day, Daily Average",637,433,936
"1536","Traffic Zone 222420000","1187","Traffic Zone 254060000","9/19/2018 - 9/19/2018, Every day, Daily Average",1130,728,1752
"1536","Traffic Zone 222420000","1188","Traffic Zone 224300000","9/19/2018 - 9/19/2018, Every day, Daily Average",1078,952,1219
"1536","Traffic Zone 222420000","1189","Traffic Zone 254140000","9/19/2018 - 9/19/2018, Every day, Daily Average",1118,913,1367
"1536","Traffic Zone 222420000","1190","Traffic Zone 253260300","9/19/2018 - 9/19/2018, Every day, Daily Average",917,659,1275
"1536","Traffic Zone 222420000","1191","Traffic Zone 253540000","9/19/2018 - 9/19/2018, Every day, Daily Average",1223,909,1644
"1536","Traffic Zone 222420000","1192","Traffic Zone 253310300","9/19/2018 - 9/19/2018, Every day, Daily Average",1071,781,1466
"1536","Traffic Zone 222420000","1193","Traffic Zone 253260400","9/19/2018 - 9/19/2018, Every day, Daily Average",904,677,1206
"1536","Traffic Zone 222420000","1194","Traffic Zone 254150000","9/19/2018 - 9/19/2018, Every day, Daily Average",1269,1051,1531
"1536","Traffic Zone 222420000","1197","Traffic Zone 220605001","9/19/2018 - 9/19/2018, Every day, Daily Average",348,216,558
"1536","Traffic Zone 222420000","1199","Traffic Zone 253480300","9/19/2018 - 9/19/2018, Every day, Daily Average",1175,965,1429
"1536","Traffic Zone 222420000","1200","Traffic Zone 220603000","9/19/2018 - 9/19/2018, Every day, Daily Average",647,375,1115
"1536","Traffic Zone 222420000","1202","Traffic Zone 220605000","9/19/2018 - 9/19/2018, Every day, Daily Average",370,216,632
"1536","Traffic Zone 222420000","1204","Traffic Zone 253480400","9/19/2018 - 9/19/2018, Every day, Daily Average",1327,1051,1674
"1536","Traffic Zone 222420000","1205","Traffic Zone 220604000","9/19/2018 - 9/19/2018, Every day, Daily Average",707,489,1020
"1536","Traffic Zone 222420000","1206","Traffic Zone 220602000","9/19/2018 - 9/19/2018, Every day, Daily Average",725,445,1178
"1536","Traffic Zone 222420000","1207","Traffic Zone 253260500","9/19/2018 - 9/19/2018, Every day, Daily Average",1061,781,1440
"1536","Traffic Zone 222420000","1208","Traffic Zone 253560400","9/19/2018 - 9/19/2018, Every day, Daily Average",1470,1221,1768
"1536","Traffic Zone 222420000","1209","Traffic Zone 253310400","9/19/2018 - 9/19/2018, Every day, Daily Average",1146,759,1728
"1536","Traffic Zone 222420000","1210","Traffic Zone 254320200","9/19/2018 - 9/19/2018, Every day, Daily Average",1300,940,1797
"1536","Traffic Zone 222420000","1211","Traffic Zone 253560300","9/19/2018 - 9/19/2018, Every day, Daily Average",1326,974,1804
"1536","Traffic Zone 222420000","1212","Traffic Zone 254160300","9/19/2018 - 9/19/2018, Every day, Daily Average",1275,1095,1483
"1536","Traffic Zone 222420000","1213","Traffic Zone 253550100","9/19/2018 - 9/19/2018, Every day, Daily Average",1356,1082,1699
"1536","Traffic Zone 222420000","1215","Traffic Zone 253480200","9/19/2018 - 9/19/2018, Every day, Daily Average",1259,1049,1510
"1536","Traffic Zone 222420000","1216","Traffic Zone 253250000","9/19/2018 - 9/19/2018, Every day, Daily Average",999,706,1413
"1536","Traffic Zone 222420000","1217","Traffic Zone 253260600","9/19/2018 - 9/19/2018, Every day, Daily Average",1082,820,1427
"1536","Traffic Zone 222420000","1218","Traffic Zone 254050100","9/19/2018 - 9/19/2018, Every day, Daily Average",1284,842,1956
"1536","Traffic Zone 222420000","1219","Traffic Zone 254030000","9/19/2018 - 9/19/2018, Every day, Daily Average",1642,1096,2457
"1536","Traffic Zone 222420000","1221","Traffic Zone 253310600","9/19/2018 - 9/19/2018, Every day, Daily Average",1075,844,1368
"1536","Traffic Zone 222420000","1222","Traffic Zone 253240002","9/19/2018 - 9/19/2018, Every day, Daily Average",803,519,1241
"1536","Traffic Zone 222420000","1223","Traffic Zone 253240000","9/19/2018 - 9/19/2018, Every day, Daily Average",898,624,1290
"1536","Traffic Zone 222420000","1224","Traffic Zone 253560500","9/19/2018 - 9/19/2018, Every day, Daily Average",1619,1284,2040
"1536","Traffic Zone 222420000","1225","Traffic Zone 253310500","9/19/2018 - 9/19/2018, Every day, Daily Average",981,760,1265
"1536","Traffic Zone 222420000","1226","Traffic Zone 220350000","9/19/2018 - 9/19/2018, Every day, Daily Average",623,388,999
"1536","Traffic Zone 222420000","1228","Traffic Zone 253310700","9/19/2018 - 9/19/2018, Every day, Daily Average",1358,1140,1617
"1536","Traffic Zone 222420000","1229","Traffic Zone 220460000","9/19/2018 - 9/19/2018, Every day, Daily Average",442,273,713
"1536","Traffic Zone 222420000","1231","Traffic Zone 253550300","9/19/2018 - 9/19/2018, Every day, Daily Average",1373,1031,1827
"1536","Traffic Zone 222420000","1232","Traffic Zone 254050200","9/19/2018 - 9/19/2018, Every day, Daily Average",1254,1023,1536
"1536","Traffic Zone 222420000","1234","Traffic Zone 220441000","9/19/2018 - 9/19/2018, Every day, Daily Average",462,306,695
"1536","Traffic Zone 222420000","1235","Traffic Zone 220511000","9/19/2018 - 9/19/2018, Every day, Daily Average",584,421,808
"1536","Traffic Zone 222420000","1236","Traffic Zone 254240200","9/19/2018 - 9/19/2018, Every day, Daily Average",1359,998,1848
"1536","Traffic Zone 222420000","1239","Traffic Zone 220470000","9/19/2018 - 9/19/2018, Every day, Daily Average",435,264,716
"1536","Traffic Zone 222420000","1240","Traffic Zone 220512000","9/19/2018 - 9/19/2018, Every day, Daily Average",731,470,1134
"1536","Traffic Zone 222420000","1241","Traffic Zone 220442000","9/19/2018 - 9/19/2018, Every day, Daily Average",638,392,1036
"1536","Traffic Zone 222420000","1244","Traffic Zone 253320200","9/19/2018 - 9/19/2018, Every day, Daily Average",1361,959,1930
"1536","Traffic Zone 222420000","1247","Traffic Zone 253320100","9/19/2018 - 9/19/2018, Every day, Daily Average",1129,767,1661
"1536","Traffic Zone 222420000","1249","Traffic Zone 220360000","9/19/2018 - 9/19/2018, Every day, Daily Average",618,398,958
"1536","Traffic Zone 222420000","1250","Traffic Zone 220430000","9/19/2018 - 9/19/2018, Every day, Daily Average",756,489,1168
"1536","Traffic Zone 222420000","1251","Traffic Zone 220330001","9/19/2018 - 9/19/2018, Every day, Daily Average",906,625,1312
"1536","Traffic Zone 222420000","1252","Traffic Zone 254020200","9/19/2018 - 9/19/2018, Every day, Daily Average",1626,1119,2362
"1536","Traffic Zone 222420000","1253","Traffic Zone 253570200","9/19/2018 - 9/19/2018, Every day, Daily Average",1419,1080,1862
"1536","Traffic Zone 222420000","1254","Traffic Zone 220482000","9/19/2018 - 9/19/2018, Every day, Daily Average",451,284,714
"1536","Traffic Zone 222420000","1255","Traffic Zone 254020300","9/19/2018 - 9/19/2018, Every day, Daily Average",1454,955,2213
"1536","Traffic Zone 222420000","1257","Traffic Zone 220420000","9/19/2018 - 9/19/2018, Every day, Daily Average",825,542,1254
"1536","Traffic Zone 222420000","1260","Traffic Zone 220330000","9/19/2018 - 9/19/2018, Every day, Daily Average",968,689,1358
"1536","Traffic Zone 222420000","1261","Traffic Zone 254170000","9/19/2018 - 9/19/2018, Every day, Daily Average",1424,952,2129
"1536","Traffic Zone 222420000","1262","Traffic Zone 220481000","9/19/2018 - 9/19/2018, Every day, Daily Average",514,317,831
"1536","Traffic Zone 222420000","1263","Traffic Zone 253330000","9/19/2018 - 9/19/2018, Every day, Daily Average",1214,840,1752
"1536","Traffic Zone 222420000","1264","Traffic Zone 220372000","9/19/2018 - 9/19/2018, Every day, Daily Average",674,446,1017
"1536","Traffic Zone 222420000","1265","Traffic Zone 220412000","9/19/2018 - 9/19/2018, Every day, Daily Average",708,466,1074
"1536","Traffic Zone 222420000","1266","Traffic Zone 253350100","9/19/2018 - 9/19/2018, Every day, Daily Average",1222,828,1801
"1536","Traffic Zone 222420000","1267","Traffic Zone 220371000","9/19/2018 - 9/19/2018, Every day, Daily Average",773,501,1192
"1536","Traffic Zone 222420000","1269","Traffic Zone 254220000","9/19/2018 - 9/19/2018, Every day, Daily Average",1540,1000,2369
"1536","Traffic Zone 222420000","1271","Traffic Zone 220411000","9/19/2018 - 9/19/2018, Every day, Daily Average",724,466,1122
"1536","Traffic Zone 222420000","1272","Traffic Zone 220320000","9/19/2018 - 9/19/2018, Every day, Daily Average",655,434,988
"1536","Traffic Zone 222420000","1273","Traffic Zone 253360300","9/19/2018 - 9/19/2018, Every day, Daily Average",1316,983,1761
"1536","Traffic Zone 222420000","1274","Traffic Zone 220492000","9/19/2018 - 9/19/2018, Every day, Daily Average",529,331,844
"1536","Traffic Zone 222420000","1275","Traffic Zone 253360200","9/19/2018 - 9/19/2018, Every day, Daily Average",1389,971,1986
"1536","Traffic Zone 222420000","1276","Traffic Zone 220310000","9/19/2018 - 9/19/2018, Every day, Daily Average",742,474,1161
"1536","Traffic Zone 222420000","1278","Traffic Zone 220491000","9/19/2018 - 9/19/2018, Every day, Daily Average",805,551,1175
"1536","Traffic Zone 222420000","1279","Traffic Zone 254180100","9/19/2018 - 9/19/2018, Every day, Daily Average",1474,991,2191
"1536","Traffic Zone 222420000","1280","Traffic Zone 220380000","9/19/2018 - 9/19/2018, Every day, Daily Average",1023,688,1520
"1536","Traffic Zone 222420000","1282","Traffic Zone 253340200","9/19/2018 - 9/19/2018, Every day, Daily Average",1421,1085,1859
"1536","Traffic Zone 222420000","1285","Traffic Zone 220390000","9/19/2018 - 9/19/2018, Every day, Daily Average",540,337,863
"1536","Traffic Zone 222420000","1286","Traffic Zone 253360100","9/19/2018 - 9/19/2018, Every day, Daily Average",1500,969,2321
"1536","Traffic Zone 222420000","1287","Traffic Zone 254210100","9/19/2018 - 9/19/2018, Every day, Daily Average",1498,991,2263
"1536","Traffic Zone 222420000","1288","Traffic Zone 254210200","9/19/2018 - 9/19/2018, Every day, Daily Average",1531,972,2410
"1536","Traffic Zone 222420000","1290","Traffic Zone 253600000","9/19/2018 - 9/19/2018, Every day, Daily Average",1449,1114,1883
"1536","Traffic Zone 222420000","1291","Traffic Zone 254010100","9/19/2018 - 9/19/2018, Every day, Daily Average",1903,1517,2386
"1536","Traffic Zone 222420000","1294","Traffic Zone 253240001","9/19/2018 - 9/19/2018, Every day, Daily Average",929,627,1375
"1536","Traffic Zone 222420000","1295","Traffic Zone 253110100","9/19/2018 - 9/19/2018, Every day, Daily Average",557,349,888
"1536","Traffic Zone 222420000","1296","Traffic Zone 253090100","9/19/2018 - 9/19/2018, Every day, Daily Average",1187,836,1684
"1536","Traffic Zone 222420000","1297","Traffic Zone 254180200","9/19/2018 - 9/19/2018, Every day, Daily Average",1487,1018,2170
"1536","Traffic Zone 222420000","1299","Traffic Zone 253080100","9/19/2018 - 9/19/2018, Every day, Daily Average",682,461,1007
"1536","Traffic Zone 222420000","1300","Traffic Zone 253340300","9/19/2018 - 9/19/2018, Every day, Daily Average",954,703,1293
"1536","Traffic Zone 222420000","1301","Traffic Zone 253120200","9/19/2018 - 9/19/2018, Every day, Daily Average",992,665,1477
"1536","Traffic Zone 222420000","1302","Traffic Zone 253120100","9/19/2018 - 9/19/2018, Every day, Daily Average",574,359,916
"1536","Traffic Zone 222420000","1303","Traffic Zone 253130200","9/19/2018 - 9/19/2018, Every day, Daily Average",617,385,986
"1536","Traffic Zone 222420000","1305","Traffic Zone 254000000","9/19/2018 - 9/19/2018, Every day, Daily Average",1430,1005,2034
"1536","Traffic Zone 222420000","1306","Traffic Zone 253380300","9/19/2018 - 9/19/2018, Every day, Daily Average",1446,1004,2080
"1536","Traffic Zone 222420000","1307","Traffic Zone 253130100","9/19/2018 - 9/19/2018, Every day, Daily Average",931,583,1485
"1536","Traffic Zone 222420000","1309","Traffic Zone 253370100","9/19/2018 - 9/19/2018, Every day, Daily Average",698,371,1309
"1536","Traffic Zone 222420000","1310","Traffic Zone 253610100","9/19/2018 - 9/19/2018, Every day, Daily Average",1344,984,1834
"1536","Traffic Zone 222420000","1311","Traffic Zone 253080200","9/19/2018 - 9/19/2018, Every day, Daily Average",730,501,1062
"1536","Traffic Zone 222420000","1313","Traffic Zone 253110200","9/19/2018 - 9/19/2018, Every day, Daily Average",546,360,826
"1536","Traffic Zone 222420000","1314","Traffic Zone 253070000","9/19/2018 - 9/19/2018, Every day, Daily Average",783,519,1179
"1536","Traffic Zone 222420000","1317","Traffic Zone 253230200","9/19/2018 - 9/19/2018, Every day, Daily Average",784,475,1293
"1536","Traffic Zone 222420000","1319","Traffic Zone 253060100","9/19/2018 - 9/19/2018, Every day, Daily Average",791,542,1154
"1536","Traffic Zone 222420000","1320","Traffic Zone 253370300","9/19/2018 - 9/19/2018, Every day, Daily Average",1022,691,1509
"1536","Traffic Zone 222420000","1321","Traffic Zone 253100000","9/19/2018 - 9/19/2018, Every day, Daily Average",629,405,974
"1536","Traffic Zone 222420000","1322","Traffic Zone 253150100","9/19/2018 - 9/19/2018, Every day, Daily Average",690,419,1135
"1536","Traffic Zone 222420000","1323","Traffic Zone 253230400","9/19/2018 - 9/19/2018, Every day, Daily Average",1003,645,1558
"1536","Traffic Zone 222420000","1324","Traffic Zone 253060200","9/19/2018 - 9/19/2018, Every day, Daily Average",813,556,1187
"1536","Traffic Zone 222420000","1325","Traffic Zone 253150200","9/19/2018 - 9/19/2018, Every day, Daily Average",1006,624,1619
"1536","Traffic Zone 222420000","1326","Traffic Zone 253380100","9/19/2018 - 9/19/2018, Every day, Daily Average",1146,779,1684
"1536","Traffic Zone 222420000","1328","Traffic Zone 253620000","9/19/2018 - 9/19/2018, Every day, Daily Average",1617,1160,2253
"1536","Traffic Zone 222420000","1329","Traffic Zone 253610200","9/19/2018 - 9/19/2018, Every day, Daily Average",1311,953,1802
"1536","Traffic Zone 222420000","1330","Traffic Zone 253410100","9/19/2018 - 9/19/2018, Every day, Daily Average",1501,963,2338
"1536","Traffic Zone 222420000","1331","Traffic Zone 253050000","9/19/2018 - 9/19/2018, Every day, Daily Average",672,428,1054
"1536","Traffic Zone 222420000","1332","Traffic Zone 253160200","9/19/2018 - 9/19/2018, Every day, Daily Average",1097,687,1749
"1536","Traffic Zone 222420000","1333","Traffic Zone 253160400","9/19/2018 - 9/19/2018, Every day, Daily Average",1304,797,2131
"1536","Traffic Zone 222420000","1334","Traffic Zone 253410200","9/19/2018 - 9/19/2018, Every day, Daily Average",1707,1097,2655
"1536","Traffic Zone 222420000","1337","Traffic Zone 253170200","9/19/2018 - 9/19/2018, Every day, Daily Average",1247,811,1916
"1536","Traffic Zone 222420000","1339","Traffic Zone 253230300","9/19/2018 - 9/19/2018, Every day, Daily Average",862,550,1349
"1536","Traffic Zone 222420000","1340","Traffic Zone 253390200","9/19/2018 - 9/19/2018, Every day, Daily Average",1878,1174,3003
"1536","Traffic Zone 222420000","1341","Traffic Zone 253420300","9/19/2018 - 9/19/2018, Every day, Daily Average",2089,1399,3119
"1536","Traffic Zone 222420000","1342","Traffic Zone 253030100","9/19/2018 - 9/19/2018, Every day, Daily Average",993,616,1599
"1536","Traffic Zone 222420000","1343","Traffic Zone 253230301","9/19/2018 - 9/19/2018, Every day, Daily Average",1182,474,2942
"1536","Traffic Zone 222420000","1344","Traffic Zone 253040000","9/19/2018 - 9/19/2018, Every day, Daily Average",720,461,1124
"1536","Traffic Zone 222420000","1345","Traffic Zone 253170100","9/19/2018 - 9/19/2018, Every day, Daily Average",1215,720,2047
"1536","Traffic Zone 222420000","1346","Traffic Zone 253230401","9/19/2018 - 9/19/2018, Every day, Daily Average",1048,653,1680
"1536","Traffic Zone 222420000","1347","Traffic Zone 253030200","9/19/2018 - 9/19/2018, Every day, Daily Average",758,488,1176
"1536","Traffic Zone 222420000","1348","Traffic Zone 253400100","9/19/2018 - 9/19/2018, Every day, Daily Average",1964,1267,3044
"1536","Traffic Zone 222420000","1349","Traffic Zone 253230302","9/19/2018 - 9/19/2018, Every day, Daily Average",1172,731,1878
"1536","Traffic Zone 222420000","1350","Traffic Zone 253190100","9/19/2018 - 9/19/2018, Every day, Daily Average",1284,843,1953
"1536","Traffic Zone 222420000","1351","Traffic Zone 253400200","9/19/2018 - 9/19/2018, Every day, Daily Average",1906,1262,2877
"1536","Traffic Zone 222420000","1352","Traffic Zone 253180000","9/19/2018 - 9/19/2018, Every day, Daily Average",1278,846,1929
"1536","Traffic Zone 222420000","1353","Traffic Zone 253020200","9/19/2018 - 9/19/2018, Every day, Daily Average",820,525,1280
"1536","Traffic Zone 222420000","1354","Traffic Zone 253230303","9/19/2018 - 9/19/2018, Every day, Daily Average",1187,727,1936
"1536","Traffic Zone 222420000","1355","Traffic Zone 253230402","9/19/2018 - 9/19/2018, Every day, Daily Average",1137,712,1814
"1536","Traffic Zone 222420000","1356","Traffic Zone 253190200","9/19/2018 - 9/19/2018, Every day, Daily Average",1427,939,2166
"1536","Traffic Zone 222420000","1357","Traffic Zone 253020400","9/19/2018 - 9/19/2018, Every day, Daily Average",1276,869,1872
"1536","Traffic Zone 222420000","1358","Traffic Zone 253020300","9/19/2018 - 9/19/2018, Every day, Daily Average",862,551,1346
"1536","Traffic Zone 222420000","1359","Traffic Zone 253200100","9/19/2018 - 9/19/2018, Every day, Daily Average",1521,958,2413
"1536","Traffic Zone 222420000","1360","Traffic Zone 253220000","9/19/2018 - 9/19/2018, Every day, Daily Average",1795,1154,2791
"1536","Traffic Zone 222420000","1362","Traffic Zone 253000500","9/19/2018 - 9/19/2018, Every day, Daily Average",898,576,1399
"1536","Traffic Zone 222420000","1363","Traffic Zone 253010200","9/19/2018 - 9/19/2018, Every day, Daily Average",1353,938,1950
"1536","Traffic Zone 222420000","1364","Traffic Zone 253000600","9/19/2018 - 9/19/2018, Every day, Daily Average",1364,903,2058
"1536","Traffic Zone 222420000","1365","Traffic Zone 253210200","9/19/2018 - 9/19/2018, Every day, Daily Average",1776,1198,2631
"1536","Traffic Zone 222420000","1367","Traffic Zone 253010100","9/19/2018 - 9/19/2018, Every day, Daily Average",1581,1120,2230
"1536","Traffic Zone 222420000","1368","Traffic Zone 253000300","9/19/2018 - 9/19/2018, Every day, Daily Average",1160,721,1865
"1536","Traffic Zone 222420000","1370","Traffic Zone 255370200","9/19/2018 - 9/19/2018, Every day, Daily Average",1522,1032,2244
"1536","Traffic Zone 222420000","1371","Traffic Zone 255370100","9/19/2018 - 9/19/2018, Every day, Daily Average",1505,1014,2232
"1536","Traffic Zone 222420000","1374","Traffic Zone 255360100","9/19/2018 - 9/19/2018, Every day, Daily Average",1591,1149,2202
"1536","Traffic Zone 222420000","1375","Traffic Zone 255360200","9/19/2018 - 9/19/2018, Every day, Daily Average",1663,1205,2294
"1536","Traffic Zone 222420000","1377","Traffic Zone 255150000","9/19/2018 - 9/19/2018, Every day, Daily Average",1849,1320,2588
"1536","Traffic Zone 222420000","1379","Traffic Zone 255350100","9/19/2018 - 9/19/2018, Every day, Daily Average",1705,1221,2380
"1536","Traffic Zone 222420000","1382","Traffic Zone 255140000","9/19/2018 - 9/19/2018, Every day, Daily Average",1746,1305,2334
"1536","Traffic Zone 222420000","1383","Traffic Zone 255340000","9/19/2018 - 9/19/2018, Every day, Daily Average",1732,1241,2415
"1536","Traffic Zone 222420000","1384","Traffic Zone 255430000","9/19/2018 - 9/19/2018, Every day, Daily Average",1911,1371,2663
"1536","Traffic Zone 222420000","1385","Traffic Zone 255170000","9/19/2018 - 9/19/2018, Every day, Daily Average",1739,1242,2434
"1536","Traffic Zone 222420000","1388","Traffic Zone 255440300","9/19/2018 - 9/19/2018, Every day, Daily Average",1858,1327,2600
"1536","Traffic Zone 222420000","1395","Traffic Zone 255070000","9/19/2018 - 9/19/2018, Every day, Daily Average",1198,761,1884
"1536","Traffic Zone 222420000","1396","Traffic Zone 255440400","9/19/2018 - 9/19/2018, Every day, Daily Average",1892,1357,2637
"1536","Traffic Zone 222420000","1397","Traffic Zone 255090000","9/19/2018 - 9/19/2018, Every day, Daily Average",2423,1755,3345
"1536","Traffic Zone 222420000","1399","Traffic Zone 255180000","9/19/2018 - 9/19/2018, Every day, Daily Average",1824,1326,2508
"1536","Traffic Zone 222420000","1402","Traffic Zone 255090001","9/19/2018 - 9/19/2018, Every day, Daily Average",2413,1732,3361
"1536","Traffic Zone 222420000","1405","Traffic Zone 255060000","9/19/2018 - 9/19/2018, Every day, Daily Average",1263,808,1973
"1536","Traffic Zone 222420000","1407","Traffic Zone 255440100","9/19/2018 - 9/19/2018, Every day, Daily Average",1912,1382,2644
"1536","Traffic Zone 222420000","1410","Traffic Zone 250250000","9/19/2018 - 9/19/2018, Every day, Daily Average",2183,1433,3324
"1536","Traffic Zone 222420000","1411","Traffic Zone 255452101","9/19/2018 - 9/19/2018, Every day, Daily Average",2030,1394,2954
"1536","Traffic Zone 222420000","1412","Traffic Zone 255190000","9/19/2018 - 9/19/2018, Every day, Daily Average",1986,1359,2902
"1536","Traffic Zone 222420000","1413","Traffic Zone 255050000","9/19/2018 - 9/19/2018, Every day, Daily Average",1323,871,2007
"1536","Traffic Zone 222420000","1414","Traffic Zone 255300000","9/19/2018 - 9/19/2018, Every day, Daily Average",2029,1354,3038
"1536","Traffic Zone 222420000","1415","Traffic Zone 255452102","9/19/2018 - 9/19/2018, Every day, Daily Average",2057,1431,2955
"1536","Traffic Zone 222420000","1417","Traffic Zone 255030000","9/19/2018 - 9/19/2018, Every day, Daily Average",1499,995,2257
"1536","Traffic Zone 222420000","1418","Traffic Zone 255040000","9/19/2018 - 9/19/2018, Every day, Daily Average",1429,942,2166
"1536","Traffic Zone 222420000","1419","Traffic Zone 250070000","9/19/2018 - 9/19/2018, Every day, Daily Average",1853,1281,2679
"1536","Traffic Zone 222420000","1420","Traffic Zone 255452100","9/19/2018 - 9/19/2018, Every day, Daily Average",1954,1538,2482
"1536","Traffic Zone 222420000","1422","Traffic Zone 255452103","9/19/2018 - 9/19/2018, Every day, Daily Average",2070,1490,2873
"1536","Traffic Zone 222420000","1424","Traffic Zone 255452200","9/19/2018 - 9/19/2018, Every day, Daily Average",2120,1401,3205
"1536","Traffic Zone 222420000","1425","Traffic Zone 255500100","9/19/2018 - 9/19/2018, Every day, Daily Average",2037,1346,3080
"1536","Traffic Zone 222420000","1429","Traffic Zone 255020000","9/19/2018 - 9/19/2018, Every day, Daily Average",1521,1024,2258
"1536","Traffic Zone 222420000","1430","Traffic Zone 255500200","9/19/2018 - 9/19/2018, Every day, Daily Average",2091,1395,3132
"1536","Traffic Zone 222420000","1434","Traffic Zone 250280001","9/19/2018 - 9/19/2018, Every day, Daily Average",1432,1009,2030
"1536","Traffic Zone 222420000","1436","Traffic Zone 250080000","9/19/2018 - 9/19/2018, Every day, Daily Average",2108,1462,3037
"1536","Traffic Zone 222420000","1437","Traffic Zone 255480100","9/19/2018 - 9/19/2018, Every day, Daily Average",2139,1539,2972
"1536","Traffic Zone 222420000","1442","Traffic Zone 250230100","9/19/2018 - 9/19/2018, Every day, Daily Average",1975,1213,3213
"1536","Traffic Zone 222420000","1447","Traffic Zone 250270000","9/19/2018 - 9/19/2018, Every day, Daily Average",1430,1087,1879
"1536","Traffic Zone 222420000","1449","Traffic Zone 255010000","9/19/2018 - 9/19/2018, Every day, Daily Average",1533,1038,2263
"1536","Traffic Zone 222420000","1452","Traffic Zone 255451400","9/19/2018 - 9/19/2018, Every day, Daily Average",2089,1523,2865
"1536","Traffic Zone 222420000","1453","Traffic Zone 255220000","9/19/2018 - 9/19/2018, Every day, Daily Average",1619,1100,2382
"1536","Traffic Zone 222420000","1454","Traffic Zone 250220000","9/19/2018 - 9/19/2018, Every day, Daily Average",1956,1268,3016
"1536","Traffic Zone 222420000","1458","Traffic Zone 250280000","9/19/2018 - 9/19/2018, Every day, Daily Average",2111,1404,3172
"1536","Traffic Zone 222420000","1463","Traffic Zone 250040100","9/19/2018 - 9/19/2018, Every day, Daily Average",1437,1009,2044
"1536","Traffic Zone 222420000","1465","Traffic Zone 250100000","9/19/2018 - 9/19/2018, Every day, Daily Average",1416,1130,1773
"1536","Traffic Zone 222420000","1466","Traffic Zone 250120000","9/19/2018 - 9/19/2018, Every day, Daily Average",1478,1080,2021
"1536","Traffic Zone 222420000","1468","Traffic Zone 255230000","9/19/2018 - 9/19/2018, Every day, Daily Average",2144,1500,3064
"1536","Traffic Zone 222420000","1470","Traffic Zone 255451700","9/19/2018 - 9/19/2018, Every day, Daily Average",2108,1543,2879
"1536","Traffic Zone 222420000","1471","Traffic Zone 255451200","9/19/2018 - 9/19/2018, Every day, Daily Average",2052,1476,2851
"1536","Traffic Zone 222420000","1472","Traffic Zone 250130000","9/19/2018 - 9/19/2018, Every day, Daily Average",1641,1176,2288
"1536","Traffic Zone 222420000","1473","Traffic Zone 255240000","9/19/2018 - 9/19/2018, Every day, Daily Average",2129,1545,2933
"1536","Traffic Zone 222420000","1479","Traffic Zone 250410201","9/19/2018 - 9/19/2018, Every day, Daily Average",1749,1198,2553
"1536","Traffic Zone 222420000","1484","Traffic Zone 255451800","9/19/2018 - 9/19/2018, Every day, Daily Average",2014,1470,2759
"1536","Traffic Zone 222420000","1486","Traffic Zone 250030000","9/19/2018 - 9/19/2018, Every day, Daily Average",1152,997,1330
"1536","Traffic Zone 222420000","1487","Traffic Zone 250410200","9/19/2018 - 9/19/2018, Every day, Daily Average",1938,1296,2895
"1536","Traffic Zone 222420000","1490","Traffic Zone 250320200","9/19/2018 - 9/19/2018, Every day, Daily Average",2340,1452,3770
"1536","Traffic Zone 222420000","1501","Traffic Zone 250390200","9/19/2018 - 9/19/2018, Every day, Daily Average",1877,1285,2741
"1536","Traffic Zone 222420000","1520","Traffic Zone 222431000","9/19/2018 - 9/19/2018, Every day, Daily Average",166,86,318
"1536","Traffic Zone 222420000","1521","Traffic Zone 220981000","9/19/2018 - 9/19/2018, Every day, Daily Average",247,150,405
"1536","Traffic Zone 222420000","1522","Traffic Zone 220871000","9/19/2018 - 9/19/2018, Every day, Daily Average",726,525,1002
"1536","Traffic Zone 222420000","1523","Traffic Zone 220951000","9/19/2018 - 9/19/2018, Every day, Daily Average",384,237,620
"1536","Traffic Zone 222420000","1524","Traffic Zone 220872000","9/19/2018 - 9/19/2018, Every day, Daily Average",647,454,920
"1536","Traffic Zone 222420000","1525","Traffic Zone 220940100","9/19/2018 - 9/19/2018, Every day, Daily Average",511,345,755
"1536","Traffic Zone 222420000","1526","Traffic Zone 220861000","9/19/2018 - 9/19/2018, Every day, Daily Average",693,513,935
"1536","Traffic Zone 222420000","1527","Traffic Zone 222432000","9/19/2018 - 9/19/2018, Every day, Daily Average",90,39,206
"1536","Traffic Zone 222420000","1528","Traffic Zone 222441000","9/19/2018 - 9/19/2018, Every day, Daily Average",173,66,450
"1536","Traffic Zone 222420000","1529","Traffic Zone 222470000","9/19/2018 - 9/19/2018, Every day, Daily Average",297,170,517
"1536","Traffic Zone 222420000","1530","Traffic Zone 220982000","9/19/2018 - 9/19/2018, Every day, Daily Average",137,73,255
"1536","Traffic Zone 222420000","1531","Traffic Zone 222442000","9/19/2018 - 9/19/2018, Every day, Daily Average",66,34,127
"1536","Traffic Zone 222420000","1532","Traffic Zone 220862000","9/19/2018 - 9/19/2018, Every day, Daily Average",644,468,885
"1536","Traffic Zone 222420000","1533","Traffic Zone 220880000","9/19/2018 - 9/19/2018, Every day, Daily Average",634,436,921
"1536","Traffic Zone 222420000","1534","Traffic Zone 220940200","9/19/2018 - 9/19/2018, Every day, Daily Average",505,327,779
"1536","Traffic Zone 222420000","1535","Traffic Zone 220952000","9/19/2018 - 9/19/2018, Every day, Daily Average",293,160,536
"1536","Traffic Zone 222420000","1536","Traffic Zone 222420000","9/19/2018 - 9/19/2018, Every day, Daily Average",160,58,436
"1536","Traffic Zone 222420000","1537","Traffic Zone 220940300","9/19/2018 - 9/19/2018, Every day, Daily Average",452,283,720
"1536","Traffic Zone 222420000","1538","Traffic Zone 220890300","9/19/2018 - 9/19/2018, Every day, Daily Average",562,387,815
"1536","Traffic Zone 222420000","1539","Traffic Zone 222460000","9/19/2018 - 9/19/2018, Every day, Daily Average",119,65,217
"1536","Traffic Zone 222420000","1540","Traffic Zone 220850000","9/19/2018 - 9/19/2018, Every day, Daily Average",627,423,928
"1536","Traffic Zone 222420000","1541","Traffic Zone 220890200","9/19/2018 - 9/19/2018, Every day, Daily Average",514,307,858
"1536","Traffic Zone 222420000","1542","Traffic Zone 221001000","9/19/2018 - 9/19/2018, Every day, Daily Average",81,38,172
"1536","Traffic Zone 222420000","1543","Traffic Zone 220890400","9/19/2018 - 9/19/2018, Every day, Daily Average",515,349,759
"1536","Traffic Zone 222420000","1544","Traffic Zone 222402000","9/19/2018 - 9/19/2018, Every day, Daily Average",223,91,543
"1536","Traffic Zone 222420000","1545","Traffic Zone 220771000","9/19/2018 - 9/19/2018, Every day, Daily Average",105,54,202
"1536","Traffic Zone 222420000","1546","Traffic Zone 220930000","9/19/2018 - 9/19/2018, Every day, Daily Average",210,96,457
"1536","Traffic Zone 222420000","1547","Traffic Zone 220840000","9/19/2018 - 9/19/2018, Every day, Daily Average",566,365,877
"1536","Traffic Zone 222420000","1548","Traffic Zone 220910200","9/19/2018 - 9/19/2018, Every day, Daily Average",482,314,738
"1536","Traffic Zone 222420000","1549","Traffic Zone 222401000","9/19/2018 - 9/19/2018, Every day, Daily Average",80,34,183
"1536","Traffic Zone 222420000","1550","Traffic Zone 220910100","9/19/2018 - 9/19/2018, Every day, Daily Average",454,287,716
"1536","Traffic Zone 222420000","1551","Traffic Zone 220771004","9/19/2018 - 9/19/2018, Every day, Daily Average",188,101,347
"1536","Traffic Zone 222420000","1552","Traffic Zone 220790001","9/19/2018 - 9/19/2018, Every day, Daily Average",219,125,382
"1536","Traffic Zone 222420000","1553","Traffic Zone 220920001","9/19/2018 - 9/19/2018, Every day, Daily Average",240,114,501
"1536","Traffic Zone 222420000","1554","Traffic Zone 222401001","9/19/2018 - 9/19/2018, Every day, Daily Average",135,67,271
"1536","Traffic Zone 222420000","1555","Traffic Zone 220830000","9/19/2018 - 9/19/2018, Every day, Daily Average",326,168,631
"1536","Traffic Zone 222420000","1556","Traffic Zone 220920000","9/19/2018 - 9/19/2018, Every day, Daily Average",284,145,552
"1536","Traffic Zone 222420000","1557","Traffic Zone 220771003","9/19/2018 - 9/19/2018, Every day, Daily Average",254,132,486
"1536","Traffic Zone 222420000","1558","Traffic Zone 220771001","9/19/2018 - 9/19/2018, Every day, Daily Average",368,249,542
"1536","Traffic Zone 222420000","1559","Traffic Zone 220790000","9/19/2018 - 9/19/2018, Every day, Daily Average",342,225,518
"1536","Traffic Zone 222420000","1560","Traffic Zone 220800000","9/19/2018 - 9/19/2018, Every day, Daily Average",377,193,735
"1536","Traffic Zone 222420000","1561","Traffic Zone 220771002","9/19/2018 - 9/19/2018, Every day, Daily Average",407,255,648
"1536","Traffic Zone 222420000","1562","Traffic Zone 220750000","9/19/2018 - 9/19/2018, Every day, Daily Average",314,164,600
"1536","Traffic Zone 222420000","1563","Traffic Zone 220730001","9/19/2018 - 9/19/2018, Every day, Daily Average",434,310,607
"1536","Traffic Zone 222420000","1564","Traffic Zone 220750001","9/19/2018 - 9/19/2018, Every day, Daily Average",356,186,680
"1536","Traffic Zone 222420000","1565","Traffic Zone 220730002","9/19/2018 - 9/19/2018, Every day, Daily Average",492,332,726
"1536","Traffic Zone 222420000","1566","Traffic Zone 220740001","9/19/2018 - 9/19/2018, Every day, Daily Average",395,212,735
"1536","Traffic Zone 222420000","1567","Traffic Zone 220750002","9/19/2018 - 9/19/2018, Every day, Daily Average",507,313,820
"1536","Traffic Zone 222420000","1568","Traffic Zone 220730000","9/19/2018 - 9/19/2018, Every day, Daily Average",539,345,840
"1536","Traffic Zone 222420000","1569","Traffic Zone 220740002","9/19/2018 - 9/19/2018, Every day, Daily Average",482,282,822
"1536","Traffic Zone 222420000","1570","Traffic Zone 220740003","9/19/2018 - 9/19/2018, Every day, Daily Average",499,295,841
"1536","Traffic Zone 222420000","1571","Traffic Zone 230160200","9/19/2018 - 9/19/2018, Every day, Daily Average",1110,819,1504
"1536","Traffic Zone 222420000","1572","Traffic Zone 218820000","9/19/2018 - 9/19/2018, Every day, Daily Average",1073,703,1636
"1536","Traffic Zone 222420000","1573","Traffic Zone 230160101","9/19/2018 - 9/19/2018, Every day, Daily Average",1182,860,1624
"1536","Traffic Zone 222420000","1574","Traffic Zone 230150200","9/19/2018 - 9/19/2018, Every day, Daily Average",1152,883,1502
"1536","Traffic Zone 222420000","1575","Traffic Zone 230160102","9/19/2018 - 9/19/2018, Every day, Daily Average",1119,775,1614
"1536","Traffic Zone 222420000","1577","Traffic Zone 219530000","9/19/2018 - 9/19/2018, Every day, Daily Average",1252,902,1737
"1536","Traffic Zone 222420000","1579","Traffic Zone 219590000","9/19/2018 - 9/19/2018, Every day, Daily Average",637,392,1033
"1536","Traffic Zone 222420000","1580","Traffic Zone 219580200","9/19/2018 - 9/19/2018, Every day, Daily Average",601,369,978
"1536","Traffic Zone 222420000","1581","Traffic Zone 219520000","9/19/2018 - 9/19/2018, Every day, Daily Average",1239,873,1756
"1536","Traffic Zone 222420000","1582","Traffic Zone 219580100","9/19/2018 - 9/19/2018, Every day, Daily Average",737,475,1143
"1536","Traffic Zone 222420000","1583","Traffic Zone 219540000","9/19/2018 - 9/19/2018, Every day, Daily Average",983,652,1481
"1536","Traffic Zone 222420000","1584","Traffic Zone 230170100","9/19/2018 - 9/19/2018, Every day, Daily Average",1294,841,1989
"1536","Traffic Zone 222420000","1586","Traffic Zone 218810000","9/19/2018 - 9/19/2018, Every day, Daily Average",1219,760,1954
"1536","Traffic Zone 222420000","1587","Traffic Zone 230170200","9/19/2018 - 9/19/2018, Every day, Daily Average",1220,783,1899
"1536","Traffic Zone 222420000","1589","Traffic Zone 219571000","9/19/2018 - 9/19/2018, Every day, Daily Average",567,338,948
"1536","Traffic Zone 222420000","1590","Traffic Zone 219510000","9/19/2018 - 9/19/2018, Every day, Daily Average",1023,674,1551
"1536","Traffic Zone 222420000","1591","Traffic Zone 219560000","9/19/2018 - 9/19/2018, Every day, Daily Average",812,525,1255
"1536","Traffic Zone 222420000","1592","Traffic Zone 219550000","9/19/2018 - 9/19/2018, Every day, Daily Average",873,580,1311
"1536","Traffic Zone 222420000","1593","Traffic Zone 219572000","9/19/2018 - 9/19/2018, Every day, Daily Average",548,323,929
"1536","Traffic Zone 222420000","1594","Traffic Zone 218830000","9/19/2018 - 9/19/2018, Every day, Daily Average",1087,714,1654
"1536","Traffic Zone 222420000","1595","Traffic Zone 230230100","9/19/2018 - 9/19/2018, Every day, Daily Average",1656,1194,2295
"1536","Traffic Zone 222420000","1596","Traffic Zone 230230200","9/19/2018 - 9/19/2018, Every day, Daily Average",1494,1049,2127
"1536","Traffic Zone 222420000","1597","Traffic Zone 230240000","9/19/2018 - 9/19/2018, Every day, Daily Average",1445,983,2122
"1536","Traffic Zone 222420000","1598","Traffic Zone 230240001","9/19/2018 - 9/19/2018, Every day, Daily Average",1353,901,2030
"1536","Traffic Zone 222420000","1600","Traffic Zone 230180001","9/19/2018 - 9/19/2018, Every day, Daily Average",1550,1003,2393
"1536","Traffic Zone 222420000","1601","Traffic Zone 230180000","9/19/2018 - 9/19/2018, Every day, Daily Average",1393,934,2075
"1536","Traffic Zone 222420000","1602","Traffic Zone 230120400","9/19/2018 - 9/19/2018, Every day, Daily Average",1350,990,1839
"1536","Traffic Zone 222420000","1604","Traffic Zone 219750000","9/19/2018 - 9/19/2018, Every day, Daily Average",542,304,963
"1536","Traffic Zone 222420000","1605","Traffic Zone 230070200","9/19/2018 - 9/19/2018, Every day, Daily Average",1535,1199,1963
"1536","Traffic Zone 222420000","1606","Traffic Zone 219742000","9/19/2018 - 9/19/2018, Every day, Daily Average",880,553,1398
"1536","Traffic Zone 222420000","1607","Traffic Zone 230040000","9/19/2018 - 9/19/2018, Every day, Daily Average",1876,1183,2973
"1536","Traffic Zone 222420000","1608","Traffic Zone 218730000","9/19/2018 - 9/19/2018, Every day, Daily Average",817,520,1283
"1536","Traffic Zone 222420000","1609","Traffic Zone 219741000","9/19/2018 - 9/19/2018, Every day, Daily Average",1010,650,1568
"1536","Traffic Zone 222420000","1610","Traffic Zone 219760000","9/19/2018 - 9/19/2018, Every day, Daily Average",443,230,850
"1536","Traffic Zone 222420000","1611","Traffic Zone 219730000","9/19/2018 - 9/19/2018, Every day, Daily Average",1133,638,2009
"1536","Traffic Zone 222420000","1613","Traffic Zone 230200200","9/19/2018 - 9/19/2018, Every day, Daily Average",1314,941,1834
"1536","Traffic Zone 222420000","1614","Traffic Zone 230250100","9/19/2018 - 9/19/2018, Every day, Daily Average",1392,964,2009
"1536","Traffic Zone 222420000","1615","Traffic Zone 230220200","9/19/2018 - 9/19/2018, Every day, Daily Average",1539,1113,2127
"1536","Traffic Zone 222420000","1616","Traffic Zone 230220100","9/19/2018 - 9/19/2018, Every day, Daily Average",1480,1026,2134
"1536","Traffic Zone 222420000","1617","Traffic Zone 230250200","9/19/2018 - 9/19/2018, Every day, Daily Average",1302,854,1983
"1536","Traffic Zone 222420000","1618","Traffic Zone 219770000","9/19/2018 - 9/19/2018, Every day, Daily Average",536,261,1099
"1536","Traffic Zone 222420000","1619","Traffic Zone 218720000","9/19/2018 - 9/19/2018, Every day, Daily Average",743,465,1184
"1536","Traffic Zone 222420000","1620","Traffic Zone 230190000","9/19/2018 - 9/19/2018, Every day, Daily Average",1580,1093,2281
"1536","Traffic Zone 222420000","1621","Traffic Zone 218640100","9/19/2018 - 9/19/2018, Every day, Daily Average",908,573,1437
"1536","Traffic Zone 222420000","1622","Traffic Zone 218710000","9/19/2018 - 9/19/2018, Every day, Daily Average",916,560,1497
"1536","Traffic Zone 222420000","1623","Traffic Zone 230110000","9/19/2018 - 9/19/2018, Every day, Daily Average",1486,1106,1995
"1536","Traffic Zone 222420000","1624","Traffic Zone 220710000","9/19/2018 - 9/19/2018, Every day, Daily Average",561,300,1046
"1536","Traffic Zone 222420000","1625","Traffic Zone 220710001","9/19/2018 - 9/19/2018, Every day, Daily Average",570,299,1086
"1536","Traffic Zone 222420000","1626","Traffic Zone 230200100","9/19/2018 - 9/19/2018, Every day, Daily Average",1275,877,1853
"1536","Traffic Zone 222420000","1627","Traffic Zone 219720000","9/19/2018 - 9/19/2018, Every day, Daily Average",623,392,987
"1536","Traffic Zone 222420000","1628","Traffic Zone 230210200","9/19/2018 - 9/19/2018, Every day, Daily Average",987,641,1519
"1536","Traffic Zone 222420000","1629","Traffic Zone 218640200","9/19/2018 - 9/19/2018, Every day, Daily Average",913,596,1398
"1536","Traffic Zone 222420000","1630","Traffic Zone 230050100","9/19/2018 - 9/19/2018, Every day, Daily Average",1530,1002,2335
"1536","Traffic Zone 222420000","1631","Traffic Zone 219711000","9/19/2018 - 9/19/2018, Every day, Daily Average",637,324,1249
"1536","Traffic Zone 222420000","1632","Traffic Zone 230210300","9/19/2018 - 9/19/2018, Every day, Daily Average",1203,782,1849
"1536","Traffic Zone 222420000","1634","Traffic Zone 230060000","9/19/2018 - 9/19/2018, Every day, Daily Average",1496,1088,2056
"1536","Traffic Zone 222420000","1636","Traffic Zone 230100000","9/19/2018 - 9/19/2018, Every day, Daily Average",1209,817,1788
"1536","Traffic Zone 222420000","1637","Traffic Zone 220601000","9/19/2018 - 9/19/2018, Every day, Daily Average",556,306,1008
"1536","Traffic Zone 222420000","1638","Traffic Zone 230210400","9/19/2018 - 9/19/2018, Every day, Daily Average",1269,831,1936
"1536","Traffic Zone 222420000","1639","Traffic Zone 218630000","9/19/2018 - 9/19/2018, Every day, Daily Average",931,581,1491
"1536","Traffic Zone 222420000","1640","Traffic Zone 218610000","9/19/2018 - 9/19/2018, Every day, Daily Average",947,550,1628
"1536","Traffic Zone 222420000","1641","Traffic Zone 218520100","9/19/2018 - 9/19/2018, Every day, Daily Average",968,630,1485
"1536","Traffic Zone 222420000","1642","Traffic Zone 218532000","9/19/2018 - 9/19/2018, Every day, Daily Average",707,468,1066
"1536","Traffic Zone 222420000","1643","Traffic Zone 230050200","9/19/2018 - 9/19/2018, Every day, Daily Average",1373,932,2020
"1536","Traffic Zone 222420000","1644","Traffic Zone 218130000","9/19/2018 - 9/19/2018, Every day, Daily Average",1004,669,1506
"1536","Traffic Zone 222420000","1645","Traffic Zone 218531000","9/19/2018 - 9/19/2018, Every day, Daily Average",799,548,1164
"1536","Traffic Zone 222420000","1646","Traffic Zone 219970000","9/19/2018 - 9/19/2018, Every day, Daily Average",777,484,1247
"1536","Traffic Zone 222420000","1647","Traffic Zone 219900000","9/19/2018 - 9/19/2018, Every day, Daily Average",687,399,1180
"1536","Traffic Zone 222420000","1648","Traffic Zone 230080000","9/19/2018 - 9/19/2018, Every day, Daily Average",1182,638,2186
"1536","Traffic Zone 222420000","1649","Traffic Zone 218520200","9/19/2018 - 9/19/2018, Every day, Daily Average",714,484,1051
"1536","Traffic Zone 222420000","1650","Traffic Zone 218620000","9/19/2018 - 9/19/2018, Every day, Daily Average",1236,810,1883
"1536","Traffic Zone 222420000","1651","Traffic Zone 219920100","9/19/2018 - 9/19/2018, Every day, Daily Average",1089,680,1741
"1536","Traffic Zone 222420000","1652","Traffic Zone 218510000","9/19/2018 - 9/19/2018, Every day, Daily Average",789,484,1284
"1536","Traffic Zone 222420000","1653","Traffic Zone 218340000","9/19/2018 - 9/19/2018, Every day, Daily Average",1421,945,2136
"1536","Traffic Zone 222420000","1654","Traffic Zone 219990000","9/19/2018 - 9/19/2018, Every day, Daily Average",913,586,1420
"1536","Traffic Zone 222420000","1655","Traffic Zone 219980000","9/19/2018 - 9/19/2018, Every day, Daily Average",1066,689,1647
"1536","Traffic Zone 222420000","1656","Traffic Zone 218160000","9/19/2018 - 9/19/2018, Every day, Daily Average",1411,884,2250
"1536","Traffic Zone 222420000","1657","Traffic Zone 218140000","9/19/2018 - 9/19/2018, Every day, Daily Average",1574,1072,2310
"1536","Traffic Zone 222420000","1658","Traffic Zone 219940000","9/19/2018 - 9/19/2018, Every day, Daily Average",745,447,1240
"1536","Traffic Zone 222420000","1659","Traffic Zone 230090100","9/19/2018 - 9/19/2018, Every day, Daily Average",1088,802,1475
"1536","Traffic Zone 222420000","1660","Traffic Zone 218100000","9/19/2018 - 9/19/2018, Every day, Daily Average",1130,723,1764
"1536","Traffic Zone 222420000","1662","Traffic Zone 230090200","9/19/2018 - 9/19/2018, Every day, Daily Average",1055,780,1426
"1536","Traffic Zone 222420000","1663","Traffic Zone 218351000","9/19/2018 - 9/19/2018, Every day, Daily Average",1199,847,1696
"1536","Traffic Zone 222420000","1664","Traffic Zone 218352000","9/19/2018 - 9/19/2018, Every day, Daily Average",1164,821,1648
"1536","Traffic Zone 222420000","1665","Traffic Zone 219930000","9/19/2018 - 9/19/2018, Every day, Daily Average",827,519,1315
"1536","Traffic Zone 222420000","1666","Traffic Zone 219912000","9/19/2018 - 9/19/2018, Every day, Daily Average",1112,773,1599
"1536","Traffic Zone 222420000","1667","Traffic Zone 218330000","9/19/2018 - 9/19/2018, Every day, Daily Average",1458,960,2213
"1536","Traffic Zone 222420000","1668","Traffic Zone 218381000","9/19/2018 - 9/19/2018, Every day, Daily Average",981,666,1443
"1536","Traffic Zone 222420000","1669","Traffic Zone 219911000","9/19/2018 - 9/19/2018, Every day, Daily Average",1278,922,1770
"1536","Traffic Zone 222420000","1670","Traffic Zone 218382000","9/19/2018 - 9/19/2018, Every day, Daily Average",822,512,1317
"1536","Traffic Zone 222420000","1671","Traffic Zone 218361000","9/19/2018 - 9/19/2018, Every day, Daily Average",1239,873,1756
"1536","Traffic Zone 222420000","1672","Traffic Zone 218321000","9/19/2018 - 9/19/2018, Every day, Daily Average",1496,1033,2165
"1536","Traffic Zone 222420000","1673","Traffic Zone 218150000","9/19/2018 - 9/19/2018, Every day, Daily Average",1653,1241,2200
"1536","Traffic Zone 222420000","1674","Traffic Zone 218322000","9/19/2018 - 9/19/2018, Every day, Daily Average",1340,886,2025
"1536","Traffic Zone 222420000","1675","Traffic Zone 218362000","9/19/2018 - 9/19/2018, Every day, Daily Average",1175,807,1709
"1536","Traffic Zone 222420000","1676","Traffic Zone 220140200","9/19/2018 - 9/19/2018, Every day, Daily Average",1053,718,1542
"1536","Traffic Zone 222420000","1677","Traffic Zone 220130100","9/19/2018 - 9/19/2018, Every day, Daily Average",1231,841,1800
"1536","Traffic Zone 222420000","1678","Traffic Zone 220140100","9/19/2018 - 9/19/2018, Every day, Daily Average",1334,891,1996
"1536","Traffic Zone 222420000","1679","Traffic Zone 218370000","9/19/2018 - 9/19/2018, Every day, Daily Average",876,562,1364
"1536","Traffic Zone 222420000","1680","Traffic Zone 220130200","9/19/2018 - 9/19/2018, Every day, Daily Average",903,640,1272
"1536","Traffic Zone 222420000","1681","Traffic Zone 218310100","9/19/2018 - 9/19/2018, Every day, Daily Average",1229,780,1935
"1536","Traffic Zone 222420000","1684","Traffic Zone 220170001","9/19/2018 - 9/19/2018, Every day, Daily Average",1104,782,1558
"1536","Traffic Zone 222420000","1686","Traffic Zone 218310200","9/19/2018 - 9/19/2018, Every day, Daily Average",947,617,1451
"1536","Traffic Zone 222420000","1688","Traffic Zone 220160000","9/19/2018 - 9/19/2018, Every day, Daily Average",1282,864,1901
"1536","Traffic Zone 222420000","1689","Traffic Zone 220170000","9/19/2018 - 9/19/2018, Every day, Daily Average",1198,925,1550
"1536","Traffic Zone 222420000","1690","Traffic Zone 220150100","9/19/2018 - 9/19/2018, Every day, Daily Average",1519,1082,2131
"1536","Traffic Zone 222420000","1693","Traffic Zone 246060000","9/19/2018 - 9/19/2018, Every day, Daily Average",1544,1040,2291
"1536","Traffic Zone 222420000","1694","Traffic Zone 246070000","9/19/2018 - 9/19/2018, Every day, Daily Average",1469,1045,2064
"1536","Traffic Zone 222420000","1695","Traffic Zone 246050200","9/19/2018 - 9/19/2018, Every day, Daily Average",1549,1078,2224
"1536","Traffic Zone 222420000","1697","Traffic Zone 246080000","9/19/2018 - 9/19/2018, Every day, Daily Average",1281,860,1906
"1536","Traffic Zone 222420000","1698","Traffic Zone 246380000","9/19/2018 - 9/19/2018, Every day, Daily Average",1146,836,1570
"1536","Traffic Zone 222420000","1699","Traffic Zone 246040000","9/19/2018 - 9/19/2018, Every day, Daily Average",1874,1277,2748
"1536","Traffic Zone 222420000","1700","Traffic Zone 248070200","9/19/2018 - 9/19/2018, Every day, Daily Average",1106,742,1647
"1536","Traffic Zone 222420000","1701","Traffic Zone 246170000","9/19/2018 - 9/19/2018, Every day, Daily Average",1277,895,1820
"1536","Traffic Zone 222420000","1702","Traffic Zone 246090000","9/19/2018 - 9/19/2018, Every day, Daily Average",1573,1155,2141
"1536","Traffic Zone 222420000","1703","Traffic Zone 246100000","9/19/2018 - 9/19/2018, Every day, Daily Average",1622,1252,2100
"1536","Traffic Zone 222420000","1704","Traffic Zone 248070300","9/19/2018 - 9/19/2018, Every day, Daily Average",1231,941,1609
"1536","Traffic Zone 222420000","1705","Traffic Zone 246390000","9/19/2018 - 9/19/2018, Every day, Daily Average",1257,905,1744
"1536","Traffic Zone 222420000","1706","Traffic Zone 246370000","9/19/2018 - 9/19/2018, Every day, Daily Average",1363,980,1893
"1536","Traffic Zone 222420000","1707","Traffic Zone 248200100","9/19/2018 - 9/19/2018, Every day, Daily Average",831,552,1250
"1536","Traffic Zone 222420000","1708","Traffic Zone 248060000","9/19/2018 - 9/19/2018, Every day, Daily Average",1011,684,1492
"1536","Traffic Zone 222420000","1710","Traffic Zone 246160000","9/19/2018 - 9/19/2018, Every day, Daily Average",1511,1099,2077
"1536","Traffic Zone 222420000","1711","Traffic Zone 248190100","9/19/2018 - 9/19/2018, Every day, Daily Average",1273,899,1801
"1536","Traffic Zone 222420000","1713","Traffic Zone 248190200","9/19/2018 - 9/19/2018, Every day, Daily Average",906,603,1360
"1536","Traffic Zone 222420000","1714","Traffic Zone 248070400","9/19/2018 - 9/19/2018, Every day, Daily Average",1171,789,1737
"1536","Traffic Zone 222420000","1715","Traffic Zone 248080300","9/19/2018 - 9/19/2018, Every day, Daily Average",2020,1562,2611
"1536","Traffic Zone 222420000","1716","Traffic Zone 248080201","9/19/2018 - 9/19/2018, Every day, Daily Average",1546,1144,2087
"1536","Traffic Zone 222420000","1717","Traffic Zone 248080200","9/19/2018 - 9/19/2018, Every day, Daily Average",1512,1108,2061
"1536","Traffic Zone 222420000","1718","Traffic Zone 248200200","9/19/2018 - 9/19/2018, Every day, Daily Average",1081,807,1447
"1536","Traffic Zone 222420000","1719","Traffic Zone 248080400","9/19/2018 - 9/19/2018, Every day, Daily Average",1872,1460,2399
"1536","Traffic Zone 222420000","1720","Traffic Zone 246190001","9/19/2018 - 9/19/2018, Every day, Daily Average",1336,939,1899
"1536","Traffic Zone 222420000","1721","Traffic Zone 246190000","9/19/2018 - 9/19/2018, Every day, Daily Average",1393,995,1949
"1536","Traffic Zone 222420000","1722","Traffic Zone 246360001","9/19/2018 - 9/19/2018, Every day, Daily Average",1288,910,1822
"1536","Traffic Zone 222420000","1723","Traffic Zone 246200000","9/19/2018 - 9/19/2018, Every day, Daily Average",1680,1294,2179
"1536","Traffic Zone 222420000","1724","Traffic Zone 248050000","9/19/2018 - 9/19/2018, Every day, Daily Average",1198,790,1814
"1536","Traffic Zone 222420000","1725","Traffic Zone 248270100","9/19/2018 - 9/19/2018, Every day, Daily Average",759,482,1192
"1536","Traffic Zone 222420000","1726","Traffic Zone 248180000","9/19/2018 - 9/19/2018, Every day, Daily Average",1166,880,1543
"1536","Traffic Zone 222420000","1727","Traffic Zone 248090200","9/19/2018 - 9/19/2018, Every day, Daily Average",1321,931,1872
"1536","Traffic Zone 222420000","1729","Traffic Zone 248090100","9/19/2018 - 9/19/2018, Every day, Daily Average",1382,1017,1877
"1536","Traffic Zone 222420000","1730","Traffic Zone 246110000","9/19/2018 - 9/19/2018, Every day, Daily Average",2260,2014,2535
"1536","Traffic Zone 222420000","1731","Traffic Zone 248090300","9/19/2018 - 9/19/2018, Every day, Daily Average",983,655,1473
"1536","Traffic Zone 222420000","1732","Traffic Zone 246400000","9/19/2018 - 9/19/2018, Every day, Daily Average",1160,807,1665
"1536","Traffic Zone 222420000","1733","Traffic Zone 248210100","9/19/2018 - 9/19/2018, Every day, Daily Average",1210,944,1550
"1536","Traffic Zone 222420000","1734","Traffic Zone 246360002","9/19/2018 - 9/19/2018, Every day, Daily Average",1380,972,1958
"1536","Traffic Zone 222420000","1735","Traffic Zone 246360000","9/19/2018 - 9/19/2018, Every day, Daily Average",1484,1108,1986
"1536","Traffic Zone 222420000","1736","Traffic Zone 246220000","9/19/2018 - 9/19/2018, Every day, Daily Average",1385,1008,1902
"1536","Traffic Zone 222420000","1737","Traffic Zone 246210000","9/19/2018 - 9/19/2018, Every day, Daily Average",1449,1154,1817
"1536","Traffic Zone 222420000","1739","Traffic Zone 248030100","9/19/2018 - 9/19/2018, Every day, Daily Average",1366,1037,1798
"1536","Traffic Zone 222420000","1740","Traffic Zone 248210200","9/19/2018 - 9/19/2018, Every day, Daily Average",1194,781,1825
"1536","Traffic Zone 222420000","1741","Traffic Zone 248270200","9/19/2018 - 9/19/2018, Every day, Daily Average",1271,758,2130
"1536","Traffic Zone 222420000","1742","Traffic Zone 248040000","9/19/2018 - 9/19/2018, Every day, Daily Average",1359,988,1868
"1536","Traffic Zone 222420000","1743","Traffic Zone 248171400","9/19/2018 - 9/19/2018, Every day, Daily Average",1091,751,1583
"1536","Traffic Zone 222420000","1744","Traffic Zone 248171300","9/19/2018 - 9/19/2018, Every day, Daily Average",1090,723,1642
"1536","Traffic Zone 222420000","1745","Traffic Zone 248100100","9/19/2018 - 9/19/2018, Every day, Daily Average",1381,983,1940
"1536","Traffic Zone 222420000","1746","Traffic Zone 248160400","9/19/2018 - 9/19/2018, Every day, Daily Average",1199,893,1609
"1536","Traffic Zone 222420000","1747","Traffic Zone 246350000","9/19/2018 - 9/19/2018, Every day, Daily Average",1242,922,1672
"1536","Traffic Zone 222420000","1748","Traffic Zone 246350001","9/19/2018 - 9/19/2018, Every day, Daily Average",1486,1058,2086
"1536","Traffic Zone 222420000","1749","Traffic Zone 246230000","9/19/2018 - 9/19/2018, Every day, Daily Average",1448,1046,2003
"1536","Traffic Zone 222420000","1750","Traffic Zone 248160200","9/19/2018 - 9/19/2018, Every day, Daily Average",1050,712,1547
"1536","Traffic Zone 222420000","1751","Traffic Zone 246240000","9/19/2018 - 9/19/2018, Every day, Daily Average",1567,1264,1941
"1536","Traffic Zone 222420000","1753","Traffic Zone 248220100","9/19/2018 - 9/19/2018, Every day, Daily Average",1303,886,1915
"1536","Traffic Zone 222420000","1754","Traffic Zone 246410000","9/19/2018 - 9/19/2018, Every day, Daily Average",1367,956,1952
"1536","Traffic Zone 222420000","1755","Traffic Zone 248030200","9/19/2018 - 9/19/2018, Every day, Daily Average",1393,1183,1638
"1536","Traffic Zone 222420000","1756","Traffic Zone 248171100","9/19/2018 - 9/19/2018, Every day, Daily Average",1237,792,1930
"1536","Traffic Zone 222420000","1757","Traffic Zone 248160300","9/19/2018 - 9/19/2018, Every day, Daily Average",1334,915,1944
"1536","Traffic Zone 222420000","1758","Traffic Zone 248100200","9/19/2018 - 9/19/2018, Every day, Daily Average",1634,1216,2195
"1536","Traffic Zone 222420000","1759","Traffic Zone 246340001","9/19/2018 - 9/19/2018, Every day, Daily Average",1444,1067,1952
"1536","Traffic Zone 222420000","1761","Traffic Zone 248150000","9/19/2018 - 9/19/2018, Every day, Daily Average",1128,766,1661
"1536","Traffic Zone 222420000","1762","Traffic Zone 246270000","9/19/2018 - 9/19/2018, Every day, Daily Average",1525,1083,2147
"1536","Traffic Zone 222420000","1763","Traffic Zone 248220200","9/19/2018 - 9/19/2018, Every day, Daily Average",1645,1206,2242
"1536","Traffic Zone 222420000","1764","Traffic Zone 246120000","9/19/2018 - 9/19/2018, Every day, Daily Average",1698,1202,2398
"1536","Traffic Zone 222420000","1765","Traffic Zone 248280000","9/19/2018 - 9/19/2018, Every day, Daily Average",965,624,1491
"1536","Traffic Zone 222420000","1766","Traffic Zone 246130000","9/19/2018 - 9/19/2018, Every day, Daily Average",1658,1176,2336
"1536","Traffic Zone 222420000","1767","Traffic Zone 248171200","9/19/2018 - 9/19/2018, Every day, Daily Average",1128,776,1638
"1536","Traffic Zone 222420000","1769","Traffic Zone 246260000","9/19/2018 - 9/19/2018, Every day, Daily Average",1616,1219,2140
"1536","Traffic Zone 222420000","1771","Traffic Zone 248110100","9/19/2018 - 9/19/2018, Every day, Daily Average",1805,1300,2504
"1536","Traffic Zone 222420000","1772","Traffic Zone 248250200","9/19/2018 - 9/19/2018, Every day, Daily Average",1478,1097,1990
"1536","Traffic Zone 222420000","1773","Traffic Zone 248140100","9/19/2018 - 9/19/2018, Every day, Daily Average",1359,938,1968
"1536","Traffic Zone 222420000","1774","Traffic Zone 246250000","9/19/2018 - 9/19/2018, Every day, Daily Average",1663,1182,2337
"1536","Traffic Zone 222420000","1775","Traffic Zone 246280000","9/19/2018 - 9/19/2018, Every day, Daily Average",1561,1101,2212
"1536","Traffic Zone 222420000","1779","Traffic Zone 248230300","9/19/2018 - 9/19/2018, Every day, Daily Average",1127,775,1637
"1536","Traffic Zone 222420000","1780","Traffic Zone 248230400","9/19/2018 - 9/19/2018, Every day, Daily Average",1451,1127,1866
"1536","Traffic Zone 222420000","1781","Traffic Zone 248230100","9/19/2018 - 9/19/2018, Every day, Daily Average",1181,820,1700
"1536","Traffic Zone 222420000","1782","Traffic Zone 246420000","9/19/2018 - 9/19/2018, Every day, Daily Average",1635,1140,2344
"1536","Traffic Zone 222420000","1783","Traffic Zone 248110300","9/19/2018 - 9/19/2018, Every day, Daily Average",1295,1023,1638
"1536","Traffic Zone 222420000","1784","Traffic Zone 248020200","9/19/2018 - 9/19/2018, Every day, Daily Average",1628,1263,2097
"1536","Traffic Zone 222420000","1785","Traffic Zone 248250300","9/19/2018 - 9/19/2018, Every day, Daily Average",1357,1071,1718
"1536","Traffic Zone 222420000","1786","Traffic Zone 248252200","9/19/2018 - 9/19/2018, Every day, Daily Average",1027,666,1581
"1536","Traffic Zone 222420000","1787","Traffic Zone 248110200","9/19/2018 - 9/19/2018, Every day, Daily Average",1490,1057,2099
"1536","Traffic Zone 222420000","1788","Traffic Zone 248140200","9/19/2018 - 9/19/2018, Every day, Daily Average",1334,946,1881
"1536","Traffic Zone 222420000","1789","Traffic Zone 246290000","9/19/2018 - 9/19/2018, Every day, Daily Average",1611,1142,2270
"1536","Traffic Zone 222420000","1790","Traffic Zone 246320000","9/19/2018 - 9/19/2018, Every day, Daily Average",1647,1286,2108
"1536","Traffic Zone 222420000","1791","Traffic Zone 248240100","9/19/2018 - 9/19/2018, Every day, Daily Average",1269,885,1818
"1536","Traffic Zone 222420000","1792","Traffic Zone 248000200","9/19/2018 - 9/19/2018, Every day, Daily Average",1831,1327,2525
"1536","Traffic Zone 222420000","1793","Traffic Zone 248010200","9/19/2018 - 9/19/2018, Every day, Daily Average",1526,1132,2056
"1536","Traffic Zone 222420000","1794","Traffic Zone 246310200","9/19/2018 - 9/19/2018, Every day, Daily Average",1718,1213,2432
"1536","Traffic Zone 222420000","1798","Traffic Zone 248120200","9/19/2018 - 9/19/2018, Every day, Daily Average",1551,1100,2185
"1536","Traffic Zone 222420000","1799","Traffic Zone 248240200","9/19/2018 - 9/19/2018, Every day, Daily Average",1131,718,1781
"1536","Traffic Zone 222420000","1801","Traffic Zone 243360100","9/19/2018 - 9/19/2018, Every day, Daily Average",1349,947,1920
"1536","Traffic Zone 222420000","1802","Traffic Zone 248001100","9/19/2018 - 9/19/2018, Every day, Daily Average",1860,1322,2616
"1536","Traffic Zone 222420000","1803","Traffic Zone 246300000","9/19/2018 - 9/19/2018, Every day, Daily Average",1963,1402,2747
"1536","Traffic Zone 222420000","1804","Traffic Zone 248001200","9/19/2018 - 9/19/2018, Every day, Daily Average",1627,1193,2217
"1536","Traffic Zone 222420000","1806","Traffic Zone 243220200","9/19/2018 - 9/19/2018, Every day, Daily Average",1383,962,1987
"1536","Traffic Zone 222420000","1807","Traffic Zone 248120100","9/19/2018 - 9/19/2018, Every day, Daily Average",1974,1321,2948
"1536","Traffic Zone 222420000","1808","Traffic Zone 243290100","9/19/2018 - 9/19/2018, Every day, Daily Average",1320,929,1875
"1536","Traffic Zone 222420000","1809","Traffic Zone 246310100","9/19/2018 - 9/19/2018, Every day, Daily Average",1657,1187,2311
"1536","Traffic Zone 222420000","1810","Traffic Zone 243350100","9/19/2018 - 9/19/2018, Every day, Daily Average",1793,1265,2540
"1536","Traffic Zone 222420000","1811","Traffic Zone 243310001","9/19/2018 - 9/19/2018, Every day, Daily Average",1417,997,2013
"1536","Traffic Zone 222420000","1812","Traffic Zone 243380200","9/19/2018 - 9/19/2018, Every day, Daily Average",1266,814,1966
"1536","Traffic Zone 222420000","1813","Traffic Zone 243180000","9/19/2018 - 9/19/2018, Every day, Daily Average",1784,1344,2367
"1536","Traffic Zone 222420000","1815","Traffic Zone 243290200","9/19/2018 - 9/19/2018, Every day, Daily Average",2439,1246,4772
"1536","Traffic Zone 222420000","1816","Traffic Zone 243370000","9/19/2018 - 9/19/2018, Every day, Daily Average",1168,756,1803
"1536","Traffic Zone 222420000","1817","Traffic Zone 243210200","9/19/2018 - 9/19/2018, Every day, Daily Average",2020,1113,3665
"1536","Traffic Zone 222420000","1818","Traffic Zone 243072400","9/19/2018 - 9/19/2018, Every day, Daily Average",1899,1519,2372
"1536","Traffic Zone 222420000","1819","Traffic Zone 243310000","9/19/2018 - 9/19/2018, Every day, Daily Average",1625,1090,2420
"1536","Traffic Zone 222420000","1821","Traffic Zone 243070100","9/19/2018 - 9/19/2018, Every day, Daily Average",1738,1227,2461
"1536","Traffic Zone 222420000","1822","Traffic Zone 243280200","9/19/2018 - 9/19/2018, Every day, Daily Average",1958,1066,3594
"1536","Traffic Zone 222420000","1824","Traffic Zone 243200000","9/19/2018 - 9/19/2018, Every day, Daily Average",1413,1067,1869
"1536","Traffic Zone 222420000","1826","Traffic Zone 243060000","9/19/2018 - 9/19/2018, Every day, Daily Average",2014,1410,2875
"1536","Traffic Zone 222420000","1828","Traffic Zone 243280100","9/19/2018 - 9/19/2018, Every day, Daily Average",1527,977,2386
"1536","Traffic Zone 222420000","1829","Traffic Zone 243230000","9/19/2018 - 9/19/2018, Every day, Daily Average",1310,1012,1695
"1536","Traffic Zone 222420000","1831","Traffic Zone 243210100","9/19/2018 - 9/19/2018, Every day, Daily Average",1163,926,1459
"1536","Traffic Zone 222420000","1835","Traffic Zone 243072101","9/19/2018 - 9/19/2018, Every day, Daily Average",1769,1261,2480
"1536","Traffic Zone 222420000","1837","Traffic Zone 243320000","9/19/2018 - 9/19/2018, Every day, Daily Average",1653,1133,2411
"1536","Traffic Zone 222420000","1838","Traffic Zone 243270000","9/19/2018 - 9/19/2018, Every day, Daily Average",1607,1127,2290
"1536","Traffic Zone 222420000","1840","Traffic Zone 243400200","9/19/2018 - 9/19/2018, Every day, Daily Average",1330,850,2079
"1536","Traffic Zone 222420000","1841","Traffic Zone 243240200","9/19/2018 - 9/19/2018, Every day, Daily Average",1815,1473,2235
"1536","Traffic Zone 222420000","1843","Traffic Zone 243340300","9/19/2018 - 9/19/2018, Every day, Daily Average",1648,1148,2364
"1536","Traffic Zone 222420000","1844","Traffic Zone 243080100","9/19/2018 - 9/19/2018, Every day, Daily Average",1782,1317,2409
"1536","Traffic Zone 222420000","1845","Traffic Zone 243040000","9/19/2018 - 9/19/2018, Every day, Daily Average",1872,1305,2683
"1536","Traffic Zone 222420000","1846","Traffic Zone 243150000","9/19/2018 - 9/19/2018, Every day, Daily Average",1897,1474,2439
"1536","Traffic Zone 222420000","1847","Traffic Zone 243240100","9/19/2018 - 9/19/2018, Every day, Daily Average",1947,1590,2383
"1536","Traffic Zone 222420000","1851","Traffic Zone 243330100","9/19/2018 - 9/19/2018, Every day, Daily Average",1730,1160,2578
"1536","Traffic Zone 222420000","1852","Traffic Zone 243330200","9/19/2018 - 9/19/2018, Every day, Daily Average",1781,1209,2622
"1536","Traffic Zone 222420000","1855","Traffic Zone 243090000","9/19/2018 - 9/19/2018, Every day, Daily Average",1893,1283,2791
"1536","Traffic Zone 222420000","1857","Traffic Zone 243330300","9/19/2018 - 9/19/2018, Every day, Daily Average",1787,1284,2485
"1536","Traffic Zone 222420000","1864","Traffic Zone 243110000","9/19/2018 - 9/19/2018, Every day, Daily Average",2336,1649,3307
"1536","Traffic Zone 222420000","1868","Traffic Zone 243010100","9/19/2018 - 9/19/2018, Every day, Daily Average",2334,1662,3277
"1536","Traffic Zone 222420000","1870","Traffic Zone 243000200","9/19/2018 - 9/19/2018, Every day, Daily Average",2208,1565,3114
"1536","Traffic Zone 222420000","1872","Traffic Zone 240830200","9/19/2018 - 9/19/2018, Every day, Daily Average",1403,894,2199
"1536","Traffic Zone 222420000","1873","Traffic Zone 240830300","9/19/2018 - 9/19/2018, Every day, Daily Average",1474,922,2355
"1536","Traffic Zone 222420000","1874","Traffic Zone 240840200","9/19/2018 - 9/19/2018, Every day, Daily Average",1500,966,2329
"1536","Traffic Zone 222420000","1875","Traffic Zone 240830100","9/19/2018 - 9/19/2018, Every day, Daily Average",1697,1116,2579
"1536","Traffic Zone 222420000","1876","Traffic Zone 240470100","9/19/2018 - 9/19/2018, Every day, Daily Average",1889,1253,2847
"1536","Traffic Zone 222420000","1877","Traffic Zone 240700200","9/19/2018 - 9/19/2018, Every day, Daily Average",1802,1217,2666
"1536","Traffic Zone 222420000","1878","Traffic Zone 240460000","9/19/2018 - 9/19/2018, Every day, Daily Average",2176,1431,3308
"1536","Traffic Zone 222420000","1879","Traffic Zone 240470300","9/19/2018 - 9/19/2018, Every day, Daily Average",1895,1247,2878
"1536","Traffic Zone 222420000","1882","Traffic Zone 240470200","9/19/2018 - 9/19/2018, Every day, Daily Average",1867,1294,2692
"1536","Traffic Zone 222420000","1883","Traffic Zone 240840100","9/19/2018 - 9/19/2018, Every day, Daily Average",1654,1057,2585
"1536","Traffic Zone 222420000","1887","Traffic Zone 240850200","9/19/2018 - 9/19/2018, Every day, Daily Average",1615,1090,2391
"1536","Traffic Zone 222420000","1893","Traffic Zone 240850100","9/19/2018 - 9/19/2018, Every day, Daily Average",1681,1109,2546
"1536","Traffic Zone 222420000","1895","Traffic Zone 240480200","9/19/2018 - 9/19/2018, Every day, Daily Average",1986,1360,2900
"1536","Traffic Zone 222420000","1896","Traffic Zone 240460003","9/19/2018 - 9/19/2018, Every day, Daily Average",2458,1631,3704
"1536","Traffic Zone 222420000","1898","Traffic Zone 240480300","9/19/2018 - 9/19/2018, Every day, Daily Average",1978,1348,2901
"1536","Traffic Zone 222420000","1904","Traffic Zone 240720000","9/19/2018 - 9/19/2018, Every day, Daily Average",2451,1757,3417
"1536","Traffic Zone 222420000","1908","Traffic Zone 240860100","9/19/2018 - 9/19/2018, Every day, Daily Average",1758,1162,2658
"1536","Traffic Zone 222420000","1911","Traffic Zone 240680000","9/19/2018 - 9/19/2018, Every day, Daily Average",2013,1346,3009
"1536","Traffic Zone 222420000","1913","Traffic Zone 240862400","9/19/2018 - 9/19/2018, Every day, Daily Average",1833,1213,2769
"1536","Traffic Zone 222420000","1918","Traffic Zone 240460002","9/19/2018 - 9/19/2018, Every day, Daily Average",2944,1800,4815
"1536","Traffic Zone 222420000","1919","Traffic Zone 240820201","9/19/2018 - 9/19/2018, Every day, Daily Average",2472,1681,3634
"1536","Traffic Zone 222420000","1921","Traffic Zone 240530000","9/19/2018 - 9/19/2018, Every day, Daily Average",2087,1434,3036
"1536","Traffic Zone 222420000","1923","Traffic Zone 240862300","9/19/2018 - 9/19/2018, Every day, Daily Average",1889,1252,2848
"1536","Traffic Zone 222420000","1924","Traffic Zone 240670000","9/19/2018 - 9/19/2018, Every day, Daily Average",2090,1468,2974
"1536","Traffic Zone 222420000","1927","Traffic Zone 240780000","9/19/2018 - 9/19/2018, Every day, Daily Average",3290,2519,4296
"1536","Traffic Zone 222420000","1928","Traffic Zone 240770100","9/19/2018 - 9/19/2018, Every day, Daily Average",2784,1908,4060
"1536","Traffic Zone 222420000","1929","Traffic Zone 240550000","9/19/2018 - 9/19/2018, Every day, Daily Average",2216,1524,3221
"1536","Traffic Zone 222420000","1932","Traffic Zone 240440200","9/19/2018 - 9/19/2018, Every day, Daily Average",3121,2018,4825
"1536","Traffic Zone 222420000","1934","Traffic Zone 240862600","9/19/2018 - 9/19/2018, Every day, Daily Average",2437,1769,3356
"1536","Traffic Zone 222420000","1935","Traffic Zone 240650000","9/19/2018 - 9/19/2018, Every day, Daily Average",2380,1733,3267
"1536","Traffic Zone 222420000","1936","Traffic Zone 240821102","9/19/2018 - 9/19/2018, Every day, Daily Average",1952,1311,2905
"1536","Traffic Zone 222420000","1937","Traffic Zone 240821100","9/19/2018 - 9/19/2018, Every day, Daily Average",1989,1323,2988
"1536","Traffic Zone 222420000","1941","Traffic Zone 240560000","9/19/2018 - 9/19/2018, Every day, Daily Average",2362,1644,3393
"1536","Traffic Zone 222420000","1943","Traffic Zone 240813200","9/19/2018 - 9/19/2018, Every day, Daily Average",3033,2047,4491
"1536","Traffic Zone 222420000","1944","Traffic Zone 240440100","9/19/2018 - 9/19/2018, Every day, Daily Average",3062,1916,4892
"1536","Traffic Zone 222420000","1952","Traffic Zone 240430200","9/19/2018 - 9/19/2018, Every day, Daily Average",3259,2053,5171
"1536","Traffic Zone 222420000","1954","Traffic Zone 240821103","9/19/2018 - 9/19/2018, Every day, Daily Average",1907,1319,2755
"1536","Traffic Zone 222420000","1958","Traffic Zone 240641100","9/19/2018 - 9/19/2018, Every day, Daily Average",2195,1697,2838
"1536","Traffic Zone 222420000","1962","Traffic Zone 240821101","9/19/2018 - 9/19/2018, Every day, Daily Average",2019,1404,2902
"1536","Traffic Zone 222420000","1965","Traffic Zone 240620000","9/19/2018 - 9/19/2018, Every day, Daily Average",2377,1696,3330
"1536","Traffic Zone 222420000","1966","Traffic Zone 240410000","9/19/2018 - 9/19/2018, Every day, Daily Average",3135,2073,4738
"1536","Traffic Zone 222420000","1973","Traffic Zone 240400000","9/19/2018 - 9/19/2018, Every day, Daily Average",3322,2118,5209
"1536","Traffic Zone 222420000","1975","Traffic Zone 240821200","9/19/2018 - 9/19/2018, Every day, Daily Average",2020,1374,2968
"1536","Traffic Zone 222420000","1979","Traffic Zone 240630000","9/19/2018 - 9/19/2018, Every day, Daily Average",2467,1821,3340
"1536","Traffic Zone 222420000","1983","Traffic Zone 240390200","9/19/2018 - 9/19/2018, Every day, Daily Average",3103,2042,4714
"1536","Traffic Zone 222420000","1984","Traffic Zone 240390100","9/19/2018 - 9/19/2018, Every day, Daily Average",3294,2173,4991
"1536","Traffic Zone 222420000","1990","Traffic Zone 240330301","9/19/2018 - 9/19/2018, Every day, Daily Average",2297,1462,3607
"1536","Traffic Zone 222420000","1992","Traffic Zone 240360000","9/19/2018 - 9/19/2018, Every day, Daily Average",2581,1812,3674
"1536","Traffic Zone 222420000","1994","Traffic Zone 240330400","9/19/2018 - 9/19/2018, Every day, Daily Average",2673,1734,4120
"1536","Traffic Zone 222420000","1996","Traffic Zone 240330300","9/19/2018 - 9/19/2018, Every day, Daily Average",1954,1373,2779
"1536","Traffic Zone 222420000","1998","Traffic Zone 240120300","9/19/2018 - 9/19/2018, Every day, Daily Average",3186,2224,4563
"1536","Traffic Zone 222420000","1999","Traffic Zone 240110100","9/19/2018 - 9/19/2018, Every day, Daily Average",3293,2226,4869
"1536","Traffic Zone 222420000","2002","Traffic Zone 240350000","9/19/2018 - 9/19/2018, Every day, Daily Average",2660,1945,3637
"1536","Traffic Zone 222420000","2008","Traffic Zone 240332200","9/19/2018 - 9/19/2018, Every day, Daily Average",1946,1387,2729
"1536","Traffic Zone 222420000","2009","Traffic Zone 240120100","9/19/2018 - 9/19/2018, Every day, Daily Average",3575,2451,5213
"1536","Traffic Zone 222420000","2010","Traffic Zone 240120200","9/19/2018 - 9/19/2018, Every day, Daily Average",3644,2447,5424
"1536","Traffic Zone 222420000","2012","Traffic Zone 240331200","9/19/2018 - 9/19/2018, Every day, Daily Average",2026,1442,2845
"1536","Traffic Zone 222420000","2013","Traffic Zone 240332300","9/19/2018 - 9/19/2018, Every day, Daily Average",1849,1427,2394
"1536","Traffic Zone 222420000","2014","Traffic Zone 240331900","9/19/2018 - 9/19/2018, Every day, Daily Average",1906,1438,2524
"1536","Traffic Zone 222420000","2015","Traffic Zone 240240400","9/19/2018 - 9/19/2018, Every day, Daily Average",2917,2118,4016
"1536","Traffic Zone 222420000","2020","Traffic Zone 240131100","9/19/2018 - 9/19/2018, Every day, Daily Average",4139,2678,6396
"1536","Traffic Zone 222420000","2022","Traffic Zone 240130200","9/19/2018 - 9/19/2018, Every day, Daily Average",2806,1999,3938
"1536","Traffic Zone 222420000","2023","Traffic Zone 240240300","9/19/2018 - 9/19/2018, Every day, Daily Average",2762,2046,3727
"1536","Traffic Zone 222420000","2024","Traffic Zone 300000451","9/19/2018 - 9/19/2018, Every day, Daily Average",2011,1388,2913
"1536","Traffic Zone 222420000","2025","Traffic Zone 300000434","9/19/2018 - 9/19/2018, Every day, Daily Average",2053,1425,2955
"1536","Traffic Zone 222420000","2027","Traffic Zone 300000499","9/19/2018 - 9/19/2018, Every day, Daily Average",2178,1432,3312
"1536","Traffic Zone 222420000","2031","Traffic Zone 300000428","9/19/2018 - 9/19/2018, Every day, Daily Average",2053,1470,2867
"1536","Traffic Zone 222420000","2040","Traffic Zone 300000585","9/19/2018 - 9/19/2018, Every day, Daily Average",2077,1552,2778
"1536","Traffic Zone 222420000","2043","Traffic Zone 300000574","9/19/2018 - 9/19/2018, Every day, Daily Average",2045,1565,2671
"1536","Traffic Zone 222420000","2053","Traffic Zone 300000573","9/19/2018 - 9/19/2018, Every day, Daily Average",2109,1619,2746
"1536","Traffic Zone 222420000","2054","Traffic Zone 300000598","9/19/2018 - 9/19/2018, Every day, Daily Average",1891,1354,2639
"1536","Traffic Zone 222420000","2055","Traffic Zone 300000613","9/19/2018 - 9/19/2018, Every day, Daily Average",1813,1296,2535
"1536","Traffic Zone 222420000","2056","Traffic Zone 300000597","9/19/2018 - 9/19/2018, Every day, Daily Average",1826,1309,2545
"1536","Traffic Zone 222420000","2057","Traffic Zone 300000624","9/19/2018 - 9/19/2018, Every day, Daily Average",1660,1400,1968
"1536","Traffic Zone 222420000","2059","Traffic Zone 300000572","9/19/2018 - 9/19/2018, Every day, Daily Average",2024,1463,2799
"1536","Traffic Zone 222420000","2071","Traffic Zone 300000571","9/19/2018 - 9/19/2018, Every day, Daily Average",1954,1362,2802
"1536","Traffic Zone 222420000","2095","Traffic Zone 300000589","9/19/2018 - 9/19/2018, Every day, Daily Average",2101,1453,3037
"1536","Traffic Zone 222420000","2136","Traffic Zone 300000569","9/19/2018 - 9/19/2018, Every day, Daily Average",2043,1478,2822
"1536","Traffic Zone 222420000","2143","Traffic Zone 300000565","9/19/2018 - 9/19/2018, Every day, Daily Average",2165,1586,2954
"1536","Traffic Zone 222420000","2149","Traffic Zone 300000568","9/19/2018 - 9/19/2018, Every day, Daily Average",1829,1305,2562
"1536","Traffic Zone 222420000","2154","Traffic Zone 300000543","9/19/2018 - 9/19/2018, Every day, Daily Average",2248,1651,3060
"1536","Traffic Zone 222420000","2159","Traffic Zone 300000528","9/19/2018 - 9/19/2018, Every day, Daily Average",2312,1706,3132
"1536","Traffic Zone 222420000","2160","Traffic Zone 300000563","9/19/2018 - 9/19/2018, Every day, Daily Average",1942,1394,2703
"1536","Traffic Zone 222420000","2163","Traffic Zone 300000514","9/19/2018 - 9/19/2018, Every day, Daily Average",2352,1742,3175
"1536","Traffic Zone 222420000","2165","Traffic Zone 300000503","9/19/2018 - 9/19/2018, Every day, Daily Average",2389,1776,3213
"1536","Traffic Zone 222420000","2166","Traffic Zone 300000562","9/19/2018 - 9/19/2018, Every day, Daily Average",1981,1417,2767
"1536","Traffic Zone 222420000","2168","Traffic Zone 300000492","9/19/2018 - 9/19/2018, Every day, Daily Average",2498,1876,3324
"1536","Traffic Zone 222420000","2173","Traffic Zone 300000560","9/19/2018 - 9/19/2018, Every day, Daily Average",2235,1575,3171
"1536","Traffic Zone 222420000","2179","Traffic Zone 300000409","9/19/2018 - 9/19/2018, Every day, Daily Average",1958,1394,2749
"1536","Traffic Zone 222420000","2182","Traffic Zone 300000408","9/19/2018 - 9/19/2018, Every day, Daily Average",2157,1522,3056
"1536","Traffic Zone 222420000","2184","Traffic Zone 300000406","9/19/2018 - 9/19/2018, Every day, Daily Average",2168,1567,2998
"1536","Traffic Zone 222420000","2187","Traffic Zone 300000407","9/19/2018 - 9/19/2018, Every day, Daily Average",2239,1614,3104
"1536","Traffic Zone 222420000","2188","Traffic Zone 300000403","9/19/2018 - 9/19/2018, Every day, Daily Average",2252,1631,3109
"1536","Traffic Zone 222420000","2189","Traffic Zone 300000374","9/19/2018 - 9/19/2018, Every day, Daily Average",2298,1653,3194
"1536","Traffic Zone 222420000","2191","Traffic Zone 300000373","9/19/2018 - 9/19/2018, Every day, Daily Average",2370,1705,3294
"1536","Traffic Zone 222420000","2192","Traffic Zone 300000357","9/19/2018 - 9/19/2018, Every day, Daily Average",2234,1762,2832