"Origin Movement ID","Origin Display Name","Destination Movement ID","Destination Display Name","Date Range","Mean Travel Time (Seconds)","Range - Lower Bound Travel Time (Seconds)","Range - Upper Bound Travel Time (Seconds)"
"1536","Traffic Zone 222420000","53","Traffic Zone 213710202","11/6/2019 - 11/6/2019, Every day, Daily Average",2011,1599,2528
"1536","Traffic Zone 222420000","62","Traffic Zone 213710200","11/6/2019 - 11/6/2019, Every day, Daily Average",2087,1645,2646
"1536","Traffic Zone 222420000","83","Traffic Zone 213930100","11/6/2019 - 11/6/2019, Every day, Daily Average",1903,1484,2438
"1536","Traffic Zone 222420000","95","Traffic Zone 213930200","11/6/2019 - 11/6/2019, Every day, Daily Average",1812,1413,2322
"1536","Traffic Zone 222420000","98","Traffic Zone 213930300","11/6/2019 - 11/6/2019, Every day, Daily Average",1750,1337,2289
"1536","Traffic Zone 222420000","107","Traffic Zone 213920000","11/6/2019 - 11/6/2019, Every day, Daily Average",1777,1336,2363
"1536","Traffic Zone 222420000","123","Traffic Zone 213900000","11/6/2019 - 11/6/2019, Every day, Daily Average",1729,1262,2367
"1536","Traffic Zone 222420000","129","Traffic Zone 214150000","11/6/2019 - 11/6/2019, Every day, Daily Average",2051,1234,3408
"1536","Traffic Zone 222420000","133","Traffic Zone 214140000","11/6/2019 - 11/6/2019, Every day, Daily Average",1584,1156,2168
"1536","Traffic Zone 222420000","140","Traffic Zone 214130200","11/6/2019 - 11/6/2019, Every day, Daily Average",1594,1163,2184
"1536","Traffic Zone 222420000","145","Traffic Zone 212840000","11/6/2019 - 11/6/2019, Every day, Daily Average",1982,1385,2835
"1536","Traffic Zone 222420000","147","Traffic Zone 214160000","11/6/2019 - 11/6/2019, Every day, Daily Average",1912,1224,2985
"1536","Traffic Zone 222420000","148","Traffic Zone 212891000","11/6/2019 - 11/6/2019, Every day, Daily Average",1470,1139,1895
"1536","Traffic Zone 222420000","150","Traffic Zone 212880000","11/6/2019 - 11/6/2019, Every day, Daily Average",1530,1217,1922
"1536","Traffic Zone 222420000","170","Traffic Zone 212870200","11/6/2019 - 11/6/2019, Every day, Daily Average",1404,1089,1808
"1536","Traffic Zone 222420000","181","Traffic Zone 212460000","11/6/2019 - 11/6/2019, Every day, Daily Average",1408,1058,1873
"1536","Traffic Zone 222420000","189","Traffic Zone 212200000","11/6/2019 - 11/6/2019, Every day, Daily Average",1532,1195,1963
"1536","Traffic Zone 222420000","191","Traffic Zone 212470000","11/6/2019 - 11/6/2019, Every day, Daily Average",1490,1013,2190
"1536","Traffic Zone 222420000","193","Traffic Zone 214340000","11/6/2019 - 11/6/2019, Every day, Daily Average",1549,998,2403
"1536","Traffic Zone 222420000","196","Traffic Zone 212370000","11/6/2019 - 11/6/2019, Every day, Daily Average",1634,969,2754
"1536","Traffic Zone 222420000","197","Traffic Zone 212160000","11/6/2019 - 11/6/2019, Every day, Daily Average",1379,1078,1762
"1536","Traffic Zone 222420000","198","Traffic Zone 212330400","11/6/2019 - 11/6/2019, Every day, Daily Average",1344,1029,1754
"1536","Traffic Zone 222420000","199","Traffic Zone 212400000","11/6/2019 - 11/6/2019, Every day, Daily Average",2454,1414,4256
"1536","Traffic Zone 222420000","200","Traffic Zone 212102000","11/6/2019 - 11/6/2019, Every day, Daily Average",1328,966,1824
"1536","Traffic Zone 222420000","201","Traffic Zone 212101000","11/6/2019 - 11/6/2019, Every day, Daily Average",1470,1111,1943
"1536","Traffic Zone 222420000","203","Traffic Zone 212330100","11/6/2019 - 11/6/2019, Every day, Daily Average",1561,1106,2201
"1536","Traffic Zone 222420000","204","Traffic Zone 212380000","11/6/2019 - 11/6/2019, Every day, Daily Average",1443,975,2135
"1536","Traffic Zone 222420000","207","Traffic Zone 212510000","11/6/2019 - 11/6/2019, Every day, Daily Average",1386,930,2065
"1536","Traffic Zone 222420000","208","Traffic Zone 212390000","11/6/2019 - 11/6/2019, Every day, Daily Average",1401,933,2102
"1536","Traffic Zone 222420000","209","Traffic Zone 212320300","11/6/2019 - 11/6/2019, Every day, Daily Average",1968,1370,2826
"1536","Traffic Zone 222420000","212","Traffic Zone 212122000","11/6/2019 - 11/6/2019, Every day, Daily Average",2013,1249,3242
"1536","Traffic Zone 222420000","214","Traffic Zone 214330000","11/6/2019 - 11/6/2019, Every day, Daily Average",1371,905,2075
"1536","Traffic Zone 222420000","215","Traffic Zone 212520000","11/6/2019 - 11/6/2019, Every day, Daily Average",1409,925,2145
"1536","Traffic Zone 222420000","221","Traffic Zone 214380000","11/6/2019 - 11/6/2019, Every day, Daily Average",1882,1098,3223
"1536","Traffic Zone 222420000","226","Traffic Zone 212540000","11/6/2019 - 11/6/2019, Every day, Daily Average",1603,971,2645
"1536","Traffic Zone 222420000","227","Traffic Zone 214320000","11/6/2019 - 11/6/2019, Every day, Daily Average",1350,863,2110
"1536","Traffic Zone 222420000","229","Traffic Zone 214360100","11/6/2019 - 11/6/2019, Every day, Daily Average",1285,833,1982
"1536","Traffic Zone 222420000","231","Traffic Zone 212532000","11/6/2019 - 11/6/2019, Every day, Daily Average",2045,1353,3089
"1536","Traffic Zone 222420000","233","Traffic Zone 212550000","11/6/2019 - 11/6/2019, Every day, Daily Average",1931,1213,3073
"1536","Traffic Zone 222420000","238","Traffic Zone 231050001","11/6/2019 - 11/6/2019, Every day, Daily Average",2677,1822,3932
"1536","Traffic Zone 222420000","239","Traffic Zone 212220000","11/6/2019 - 11/6/2019, Every day, Daily Average",1644,1083,2494
"1536","Traffic Zone 222420000","240","Traffic Zone 214370000","11/6/2019 - 11/6/2019, Every day, Daily Average",1246,816,1901
"1536","Traffic Zone 222420000","241","Traffic Zone 214310000","11/6/2019 - 11/6/2019, Every day, Daily Average",1590,999,2529
"1536","Traffic Zone 222420000","242","Traffic Zone 212560000","11/6/2019 - 11/6/2019, Every day, Daily Average",1933,1167,3200
"1536","Traffic Zone 222420000","244","Traffic Zone 232000000","11/6/2019 - 11/6/2019, Every day, Daily Average",1421,931,2167
"1536","Traffic Zone 222420000","247","Traffic Zone 231160002","11/6/2019 - 11/6/2019, Every day, Daily Average",1536,1175,2006
"1536","Traffic Zone 222420000","250","Traffic Zone 231050000","11/6/2019 - 11/6/2019, Every day, Daily Average",2441,1580,3770
"1536","Traffic Zone 222420000","251","Traffic Zone 231160001","11/6/2019 - 11/6/2019, Every day, Daily Average",1672,1081,2585
"1536","Traffic Zone 222420000","253","Traffic Zone 231040000","11/6/2019 - 11/6/2019, Every day, Daily Average",2181,1362,3492
"1536","Traffic Zone 222420000","254","Traffic Zone 231160000","11/6/2019 - 11/6/2019, Every day, Daily Average",1698,1195,2411
"1536","Traffic Zone 222420000","255","Traffic Zone 231090000","11/6/2019 - 11/6/2019, Every day, Daily Average",1640,1215,2212
"1536","Traffic Zone 222420000","256","Traffic Zone 231060000","11/6/2019 - 11/6/2019, Every day, Daily Average",2096,1277,3437
"1536","Traffic Zone 222420000","257","Traffic Zone 231080000","11/6/2019 - 11/6/2019, Every day, Daily Average",1574,1095,2262
"1536","Traffic Zone 222420000","258","Traffic Zone 231170000","11/6/2019 - 11/6/2019, Every day, Daily Average",1644,1059,2551
"1536","Traffic Zone 222420000","260","Traffic Zone 231070100","11/6/2019 - 11/6/2019, Every day, Daily Average",2012,1217,3324
"1536","Traffic Zone 222420000","262","Traffic Zone 231070201","11/6/2019 - 11/6/2019, Every day, Daily Average",2017,1215,3347
"1536","Traffic Zone 222420000","263","Traffic Zone 231180000","11/6/2019 - 11/6/2019, Every day, Daily Average",1709,1067,2735
"1536","Traffic Zone 222420000","264","Traffic Zone 231070200","11/6/2019 - 11/6/2019, Every day, Daily Average",1844,1116,3046
"1536","Traffic Zone 222420000","266","Traffic Zone 231070300","11/6/2019 - 11/6/2019, Every day, Daily Average",1676,1012,2775
"1536","Traffic Zone 222420000","287","Traffic Zone 210930000","11/6/2019 - 11/6/2019, Every day, Daily Average",2467,1795,3390
"1536","Traffic Zone 222420000","295","Traffic Zone 210940000","11/6/2019 - 11/6/2019, Every day, Daily Average",2204,1461,3324
"1536","Traffic Zone 222420000","303","Traffic Zone 210950000","11/6/2019 - 11/6/2019, Every day, Daily Average",2078,1437,3003
"1536","Traffic Zone 222420000","309","Traffic Zone 210440200","11/6/2019 - 11/6/2019, Every day, Daily Average",1778,1371,2304
"1536","Traffic Zone 222420000","313","Traffic Zone 210450000","11/6/2019 - 11/6/2019, Every day, Daily Average",1847,1347,2531
"1536","Traffic Zone 222420000","320","Traffic Zone 211900000","11/6/2019 - 11/6/2019, Every day, Daily Average",1725,1280,2322
"1536","Traffic Zone 222420000","323","Traffic Zone 210482000","11/6/2019 - 11/6/2019, Every day, Daily Average",1752,1283,2391
"1536","Traffic Zone 222420000","326","Traffic Zone 210611200","11/6/2019 - 11/6/2019, Every day, Daily Average",3380,2332,4897
"1536","Traffic Zone 222420000","331","Traffic Zone 212121000","11/6/2019 - 11/6/2019, Every day, Daily Average",1787,1224,2607
"1536","Traffic Zone 222420000","335","Traffic Zone 212110000","11/6/2019 - 11/6/2019, Every day, Daily Average",1818,1163,2840
"1536","Traffic Zone 222420000","336","Traffic Zone 210410400","11/6/2019 - 11/6/2019, Every day, Daily Average",2756,1858,4087
"1536","Traffic Zone 222420000","337","Traffic Zone 210210200","11/6/2019 - 11/6/2019, Every day, Daily Average",1770,1120,2794
"1536","Traffic Zone 222420000","338","Traffic Zone 210330000","11/6/2019 - 11/6/2019, Every day, Daily Average",2477,1660,3695
"1536","Traffic Zone 222420000","340","Traffic Zone 210340000","11/6/2019 - 11/6/2019, Every day, Daily Average",2367,1577,3551
"1536","Traffic Zone 222420000","344","Traffic Zone 210140000","11/6/2019 - 11/6/2019, Every day, Daily Average",2104,1347,3286
"1536","Traffic Zone 222420000","348","Traffic Zone 210130000","11/6/2019 - 11/6/2019, Every day, Daily Average",2002,1272,3150
"1536","Traffic Zone 222420000","350","Traffic Zone 280050201","11/6/2019 - 11/6/2019, Every day, Daily Average",2671,1840,3877
"1536","Traffic Zone 222420000","351","Traffic Zone 280050200","11/6/2019 - 11/6/2019, Every day, Daily Average",2535,1728,3716
"1536","Traffic Zone 222420000","352","Traffic Zone 280050100","11/6/2019 - 11/6/2019, Every day, Daily Average",2271,1548,3331
"1536","Traffic Zone 222420000","354","Traffic Zone 226260200","11/6/2019 - 11/6/2019, Every day, Daily Average",2012,1395,2901
"1536","Traffic Zone 222420000","355","Traffic Zone 226270100","11/6/2019 - 11/6/2019, Every day, Daily Average",1786,1229,2594
"1536","Traffic Zone 222420000","357","Traffic Zone 226270200","11/6/2019 - 11/6/2019, Every day, Daily Average",1490,1035,2145
"1536","Traffic Zone 222420000","359","Traffic Zone 270130100","11/6/2019 - 11/6/2019, Every day, Daily Average",1359,925,1995
"1536","Traffic Zone 222420000","360","Traffic Zone 226280000","11/6/2019 - 11/6/2019, Every day, Daily Average",1377,980,1934
"1536","Traffic Zone 222420000","361","Traffic Zone 270140000","11/6/2019 - 11/6/2019, Every day, Daily Average",1327,920,1912
"1536","Traffic Zone 222420000","362","Traffic Zone 270130200","11/6/2019 - 11/6/2019, Every day, Daily Average",1514,972,2357
"1536","Traffic Zone 222420000","363","Traffic Zone 270190001","11/6/2019 - 11/6/2019, Every day, Daily Average",1260,908,1746
"1536","Traffic Zone 222420000","364","Traffic Zone 270190000","11/6/2019 - 11/6/2019, Every day, Daily Average",1257,865,1826
"1536","Traffic Zone 222420000","365","Traffic Zone 270120100","11/6/2019 - 11/6/2019, Every day, Daily Average",1520,1123,2056
"1536","Traffic Zone 222420000","366","Traffic Zone 226230100","11/6/2019 - 11/6/2019, Every day, Daily Average",1907,1066,3409
"1536","Traffic Zone 222420000","367","Traffic Zone 270150100","11/6/2019 - 11/6/2019, Every day, Daily Average",1184,888,1577
"1536","Traffic Zone 222420000","369","Traffic Zone 270190002","11/6/2019 - 11/6/2019, Every day, Daily Average",1185,825,1700
"1536","Traffic Zone 222420000","370","Traffic Zone 270150200","11/6/2019 - 11/6/2019, Every day, Daily Average",1270,881,1829
"1536","Traffic Zone 222420000","371","Traffic Zone 226230300","11/6/2019 - 11/6/2019, Every day, Daily Average",1531,1001,2340
"1536","Traffic Zone 222420000","372","Traffic Zone 270200000","11/6/2019 - 11/6/2019, Every day, Daily Average",1338,957,1869
"1536","Traffic Zone 222420000","373","Traffic Zone 270170200","11/6/2019 - 11/6/2019, Every day, Daily Average",1136,800,1612
"1536","Traffic Zone 222420000","374","Traffic Zone 226400000","11/6/2019 - 11/6/2019, Every day, Daily Average",1781,1264,2508
"1536","Traffic Zone 222420000","375","Traffic Zone 270210000","11/6/2019 - 11/6/2019, Every day, Daily Average",1453,1060,1990
"1536","Traffic Zone 222420000","376","Traffic Zone 270160100","11/6/2019 - 11/6/2019, Every day, Daily Average",1603,1097,2340
"1536","Traffic Zone 222420000","377","Traffic Zone 270180200","11/6/2019 - 11/6/2019, Every day, Daily Average",1097,746,1612
"1536","Traffic Zone 222420000","378","Traffic Zone 227340000","11/6/2019 - 11/6/2019, Every day, Daily Average",1577,1251,1987
"1536","Traffic Zone 222420000","379","Traffic Zone 226430200","11/6/2019 - 11/6/2019, Every day, Daily Average",1744,1205,2523
"1536","Traffic Zone 222420000","380","Traffic Zone 226230200","11/6/2019 - 11/6/2019, Every day, Daily Average",1577,963,2581
"1536","Traffic Zone 222420000","381","Traffic Zone 270160200","11/6/2019 - 11/6/2019, Every day, Daily Average",1323,908,1926
"1536","Traffic Zone 222420000","382","Traffic Zone 270220100","11/6/2019 - 11/6/2019, Every day, Daily Average",1467,1030,2089
"1536","Traffic Zone 222420000","383","Traffic Zone 227330000","11/6/2019 - 11/6/2019, Every day, Daily Average",1824,1344,2474
"1536","Traffic Zone 222420000","384","Traffic Zone 270170100","11/6/2019 - 11/6/2019, Every day, Daily Average",1250,857,1821
"1536","Traffic Zone 222420000","385","Traffic Zone 270220101","11/6/2019 - 11/6/2019, Every day, Daily Average",1645,1062,2547
"1536","Traffic Zone 222420000","386","Traffic Zone 227350000","11/6/2019 - 11/6/2019, Every day, Daily Average",1817,1409,2341
"1536","Traffic Zone 222420000","387","Traffic Zone 227320000","11/6/2019 - 11/6/2019, Every day, Daily Average",1459,1020,2085
"1536","Traffic Zone 222420000","388","Traffic Zone 270220200","11/6/2019 - 11/6/2019, Every day, Daily Average",1604,1242,2071
"1536","Traffic Zone 222420000","389","Traffic Zone 226220000","11/6/2019 - 11/6/2019, Every day, Daily Average",1403,909,2163
"1536","Traffic Zone 222420000","390","Traffic Zone 226410100","11/6/2019 - 11/6/2019, Every day, Daily Average",1501,958,2350
"1536","Traffic Zone 222420000","391","Traffic Zone 226740200","11/6/2019 - 11/6/2019, Every day, Daily Average",1603,1053,2439
"1536","Traffic Zone 222420000","392","Traffic Zone 270180100","11/6/2019 - 11/6/2019, Every day, Daily Average",1039,693,1557
"1536","Traffic Zone 222420000","393","Traffic Zone 227390000","11/6/2019 - 11/6/2019, Every day, Daily Average",1779,1286,2460
"1536","Traffic Zone 222420000","394","Traffic Zone 226430100","11/6/2019 - 11/6/2019, Every day, Daily Average",1504,976,2316
"1536","Traffic Zone 222420000","395","Traffic Zone 270180101","11/6/2019 - 11/6/2019, Every day, Daily Average",1244,784,1972
"1536","Traffic Zone 222420000","396","Traffic Zone 226750200","11/6/2019 - 11/6/2019, Every day, Daily Average",1245,819,1891
"1536","Traffic Zone 222420000","397","Traffic Zone 227420000","11/6/2019 - 11/6/2019, Every day, Daily Average",1560,1182,2058
"1536","Traffic Zone 222420000","398","Traffic Zone 227310000","11/6/2019 - 11/6/2019, Every day, Daily Average",1387,1026,1875
"1536","Traffic Zone 222420000","399","Traffic Zone 227360000","11/6/2019 - 11/6/2019, Every day, Daily Average",1645,1249,2166
"1536","Traffic Zone 222420000","400","Traffic Zone 270110000","11/6/2019 - 11/6/2019, Every day, Daily Average",1300,801,2109
"1536","Traffic Zone 222420000","401","Traffic Zone 226740100","11/6/2019 - 11/6/2019, Every day, Daily Average",1552,981,2453
"1536","Traffic Zone 222420000","402","Traffic Zone 270230000","11/6/2019 - 11/6/2019, Every day, Daily Average",1002,664,1511
"1536","Traffic Zone 222420000","403","Traffic Zone 226750100","11/6/2019 - 11/6/2019, Every day, Daily Average",1332,835,2124
"1536","Traffic Zone 222420000","404","Traffic Zone 226210000","11/6/2019 - 11/6/2019, Every day, Daily Average",1565,1151,2126
"1536","Traffic Zone 222420000","405","Traffic Zone 227370000","11/6/2019 - 11/6/2019, Every day, Daily Average",1500,1114,2019
"1536","Traffic Zone 222420000","406","Traffic Zone 226760000","11/6/2019 - 11/6/2019, Every day, Daily Average",1109,746,1646
"1536","Traffic Zone 222420000","407","Traffic Zone 270110001","11/6/2019 - 11/6/2019, Every day, Daily Average",1148,723,1820
"1536","Traffic Zone 222420000","408","Traffic Zone 227380000","11/6/2019 - 11/6/2019, Every day, Daily Average",1711,1202,2434
"1536","Traffic Zone 222420000","409","Traffic Zone 227410000","11/6/2019 - 11/6/2019, Every day, Daily Average",1504,1037,2180
"1536","Traffic Zone 222420000","410","Traffic Zone 270290100","11/6/2019 - 11/6/2019, Every day, Daily Average",1658,1159,2371
"1536","Traffic Zone 222420000","411","Traffic Zone 226730000","11/6/2019 - 11/6/2019, Every day, Daily Average",1072,668,1718
"1536","Traffic Zone 222420000","412","Traffic Zone 227140000","11/6/2019 - 11/6/2019, Every day, Daily Average",1137,829,1559
"1536","Traffic Zone 222420000","413","Traffic Zone 227130000","11/6/2019 - 11/6/2019, Every day, Daily Average",961,639,1444
"1536","Traffic Zone 222420000","414","Traffic Zone 227810001","11/6/2019 - 11/6/2019, Every day, Daily Average",1541,1095,2167
"1536","Traffic Zone 222420000","415","Traffic Zone 227210000","11/6/2019 - 11/6/2019, Every day, Daily Average",1272,969,1668
"1536","Traffic Zone 222420000","416","Traffic Zone 226770000","11/6/2019 - 11/6/2019, Every day, Daily Average",1033,637,1674
"1536","Traffic Zone 222420000","417","Traffic Zone 227540000","11/6/2019 - 11/6/2019, Every day, Daily Average",1744,1226,2479
"1536","Traffic Zone 222420000","418","Traffic Zone 227120000","11/6/2019 - 11/6/2019, Every day, Daily Average",881,579,1338
"1536","Traffic Zone 222420000","419","Traffic Zone 227150000","11/6/2019 - 11/6/2019, Every day, Daily Average",1123,784,1608
"1536","Traffic Zone 222420000","420","Traffic Zone 227220000","11/6/2019 - 11/6/2019, Every day, Daily Average",1285,887,1859
"1536","Traffic Zone 222420000","421","Traffic Zone 227530201","11/6/2019 - 11/6/2019, Every day, Daily Average",1473,988,2195
"1536","Traffic Zone 222420000","422","Traffic Zone 227530200","11/6/2019 - 11/6/2019, Every day, Daily Average",1451,1003,2098
"1536","Traffic Zone 222420000","423","Traffic Zone 227660100","11/6/2019 - 11/6/2019, Every day, Daily Average",1741,1236,2450
"1536","Traffic Zone 222420000","424","Traffic Zone 270280300","11/6/2019 - 11/6/2019, Every day, Daily Average",1410,959,2071
"1536","Traffic Zone 222420000","425","Traffic Zone 227160000","11/6/2019 - 11/6/2019, Every day, Daily Average",1057,706,1582
"1536","Traffic Zone 222420000","426","Traffic Zone 227190000","11/6/2019 - 11/6/2019, Every day, Daily Average",1215,866,1702
"1536","Traffic Zone 222420000","427","Traffic Zone 227230200","11/6/2019 - 11/6/2019, Every day, Daily Average",1231,822,1842
"1536","Traffic Zone 222420000","428","Traffic Zone 227110000","11/6/2019 - 11/6/2019, Every day, Daily Average",852,548,1324
"1536","Traffic Zone 222420000","429","Traffic Zone 227170200","11/6/2019 - 11/6/2019, Every day, Daily Average",824,562,1207
"1536","Traffic Zone 222420000","430","Traffic Zone 227531100","11/6/2019 - 11/6/2019, Every day, Daily Average",1423,966,2094
"1536","Traffic Zone 222420000","431","Traffic Zone 227230100","11/6/2019 - 11/6/2019, Every day, Daily Average",1158,777,1725
"1536","Traffic Zone 222420000","432","Traffic Zone 227520000","11/6/2019 - 11/6/2019, Every day, Daily Average",1552,1077,2235
"1536","Traffic Zone 222420000","433","Traffic Zone 227560103","11/6/2019 - 11/6/2019, Every day, Daily Average",1428,955,2134
"1536","Traffic Zone 222420000","434","Traffic Zone 227180100","11/6/2019 - 11/6/2019, Every day, Daily Average",881,601,1290
"1536","Traffic Zone 222420000","435","Traffic Zone 227170100","11/6/2019 - 11/6/2019, Every day, Daily Average",799,509,1252
"1536","Traffic Zone 222420000","436","Traffic Zone 227551000","11/6/2019 - 11/6/2019, Every day, Daily Average",1370,947,1980
"1536","Traffic Zone 222420000","437","Traffic Zone 227560100","11/6/2019 - 11/6/2019, Every day, Daily Average",1571,1098,2247
"1536","Traffic Zone 222420000","438","Traffic Zone 227180200","11/6/2019 - 11/6/2019, Every day, Daily Average",1021,695,1499
"1536","Traffic Zone 222420000","440","Traffic Zone 227560101","11/6/2019 - 11/6/2019, Every day, Daily Average",1387,921,2087
"1536","Traffic Zone 222420000","441","Traffic Zone 227510000","11/6/2019 - 11/6/2019, Every day, Daily Average",1010,674,1511
"1536","Traffic Zone 222420000","442","Traffic Zone 227560102","11/6/2019 - 11/6/2019, Every day, Daily Average",1295,845,1983
"1536","Traffic Zone 222420000","443","Traffic Zone 226541000","11/6/2019 - 11/6/2019, Every day, Daily Average",1374,835,2259
"1536","Traffic Zone 222420000","444","Traffic Zone 226542000","11/6/2019 - 11/6/2019, Every day, Daily Average",1400,874,2240
"1536","Traffic Zone 222420000","445","Traffic Zone 226530300","11/6/2019 - 11/6/2019, Every day, Daily Average",1442,1006,2064
"1536","Traffic Zone 222420000","446","Traffic Zone 226530400","11/6/2019 - 11/6/2019, Every day, Daily Average",1672,1159,2410
"1536","Traffic Zone 222420000","447","Traffic Zone 226530104","11/6/2019 - 11/6/2019, Every day, Daily Average",1693,1191,2404
"1536","Traffic Zone 222420000","448","Traffic Zone 226530500","11/6/2019 - 11/6/2019, Every day, Daily Average",1350,842,2162
"1536","Traffic Zone 222420000","449","Traffic Zone 226530103","11/6/2019 - 11/6/2019, Every day, Daily Average",1851,1291,2652
"1536","Traffic Zone 222420000","450","Traffic Zone 226530102","11/6/2019 - 11/6/2019, Every day, Daily Average",1363,858,2164
"1536","Traffic Zone 222420000","451","Traffic Zone 226551000","11/6/2019 - 11/6/2019, Every day, Daily Average",1408,882,2247
"1536","Traffic Zone 222420000","452","Traffic Zone 226530101","11/6/2019 - 11/6/2019, Every day, Daily Average",1631,1049,2534
"1536","Traffic Zone 222420000","454","Traffic Zone 226530100","11/6/2019 - 11/6/2019, Every day, Daily Average",1883,1270,2791
"1536","Traffic Zone 222420000","455","Traffic Zone 226552000","11/6/2019 - 11/6/2019, Every day, Daily Average",1406,857,2304
"1536","Traffic Zone 222420000","456","Traffic Zone 226530105","11/6/2019 - 11/6/2019, Every day, Daily Average",1852,1340,2558
"1536","Traffic Zone 222420000","457","Traffic Zone 226520000","11/6/2019 - 11/6/2019, Every day, Daily Average",1541,962,2466
"1536","Traffic Zone 222420000","458","Traffic Zone 226720000","11/6/2019 - 11/6/2019, Every day, Daily Average",1437,956,2159
"1536","Traffic Zone 222420000","459","Traffic Zone 226560000","11/6/2019 - 11/6/2019, Every day, Daily Average",1344,900,2005
"1536","Traffic Zone 222420000","460","Traffic Zone 226780000","11/6/2019 - 11/6/2019, Every day, Daily Average",1025,643,1633
"1536","Traffic Zone 222420000","461","Traffic Zone 226710001","11/6/2019 - 11/6/2019, Every day, Daily Average",1396,946,2059
"1536","Traffic Zone 222420000","462","Traffic Zone 226510000","11/6/2019 - 11/6/2019, Every day, Daily Average",1640,1066,2521
"1536","Traffic Zone 222420000","463","Traffic Zone 226710002","11/6/2019 - 11/6/2019, Every day, Daily Average",1431,985,2078
"1536","Traffic Zone 222420000","464","Traffic Zone 226570000","11/6/2019 - 11/6/2019, Every day, Daily Average",1569,1020,2413
"1536","Traffic Zone 222420000","465","Traffic Zone 226790001","11/6/2019 - 11/6/2019, Every day, Daily Average",1204,812,1785
"1536","Traffic Zone 222420000","466","Traffic Zone 226710003","11/6/2019 - 11/6/2019, Every day, Daily Average",1587,1098,2293
"1536","Traffic Zone 222420000","468","Traffic Zone 270280200","11/6/2019 - 11/6/2019, Every day, Daily Average",970,650,1446
"1536","Traffic Zone 222420000","469","Traffic Zone 226710004","11/6/2019 - 11/6/2019, Every day, Daily Average",1738,1209,2497
"1536","Traffic Zone 222420000","470","Traffic Zone 270070000","11/6/2019 - 11/6/2019, Every day, Daily Average",1697,1154,2494
"1536","Traffic Zone 222420000","471","Traffic Zone 226930000","11/6/2019 - 11/6/2019, Every day, Daily Average",808,511,1276
"1536","Traffic Zone 222420000","472","Traffic Zone 226790000","11/6/2019 - 11/6/2019, Every day, Daily Average",1512,1015,2250
"1536","Traffic Zone 222420000","473","Traffic Zone 270280100","11/6/2019 - 11/6/2019, Every day, Daily Average",1367,891,2094
"1536","Traffic Zone 222420000","474","Traffic Zone 226990200","11/6/2019 - 11/6/2019, Every day, Daily Average",1077,661,1752
"1536","Traffic Zone 222420000","475","Traffic Zone 270280101","11/6/2019 - 11/6/2019, Every day, Daily Average",1474,1029,2109
"1536","Traffic Zone 222420000","477","Traffic Zone 270100001","11/6/2019 - 11/6/2019, Every day, Daily Average",1391,1018,1899
"1536","Traffic Zone 222420000","478","Traffic Zone 270100000","11/6/2019 - 11/6/2019, Every day, Daily Average",1504,1108,2040
"1536","Traffic Zone 222420000","479","Traffic Zone 226990100","11/6/2019 - 11/6/2019, Every day, Daily Average",940,567,1557
"1536","Traffic Zone 222420000","480","Traffic Zone 226900000","11/6/2019 - 11/6/2019, Every day, Daily Average",812,494,1332
"1536","Traffic Zone 222420000","481","Traffic Zone 270270000","11/6/2019 - 11/6/2019, Every day, Daily Average",1427,1009,2017
"1536","Traffic Zone 222420000","482","Traffic Zone 270260001","11/6/2019 - 11/6/2019, Every day, Daily Average",1200,775,1856
"1536","Traffic Zone 222420000","483","Traffic Zone 270080001","11/6/2019 - 11/6/2019, Every day, Daily Average",1640,1206,2228
"1536","Traffic Zone 222420000","484","Traffic Zone 270060000","11/6/2019 - 11/6/2019, Every day, Daily Average",1891,1296,2758
"1536","Traffic Zone 222420000","485","Traffic Zone 270250100","11/6/2019 - 11/6/2019, Every day, Daily Average",1455,908,2331
"1536","Traffic Zone 222420000","486","Traffic Zone 226980000","11/6/2019 - 11/6/2019, Every day, Daily Average",715,440,1161
"1536","Traffic Zone 222420000","487","Traffic Zone 227010000","11/6/2019 - 11/6/2019, Every day, Daily Average",747,462,1206
"1536","Traffic Zone 222420000","488","Traffic Zone 270080002","11/6/2019 - 11/6/2019, Every day, Daily Average",1698,1115,2583
"1536","Traffic Zone 222420000","489","Traffic Zone 226910000","11/6/2019 - 11/6/2019, Every day, Daily Average",1238,863,1775
"1536","Traffic Zone 222420000","490","Traffic Zone 270090201","11/6/2019 - 11/6/2019, Every day, Daily Average",1343,952,1894
"1536","Traffic Zone 222420000","491","Traffic Zone 270090200","11/6/2019 - 11/6/2019, Every day, Daily Average",1421,1066,1893
"1536","Traffic Zone 222420000","492","Traffic Zone 226950000","11/6/2019 - 11/6/2019, Every day, Daily Average",887,597,1317
"1536","Traffic Zone 222420000","493","Traffic Zone 270260000","11/6/2019 - 11/6/2019, Every day, Daily Average",1614,1122,2319
"1536","Traffic Zone 222420000","494","Traffic Zone 270300100","11/6/2019 - 11/6/2019, Every day, Daily Average",1432,942,2174
"1536","Traffic Zone 222420000","495","Traffic Zone 270080003","11/6/2019 - 11/6/2019, Every day, Daily Average",1403,975,2018
"1536","Traffic Zone 222420000","496","Traffic Zone 270250200","11/6/2019 - 11/6/2019, Every day, Daily Average",1300,897,1883
"1536","Traffic Zone 222420000","497","Traffic Zone 270240000","11/6/2019 - 11/6/2019, Every day, Daily Average",1202,759,1902
"1536","Traffic Zone 222420000","498","Traffic Zone 270050000","11/6/2019 - 11/6/2019, Every day, Daily Average",1656,1201,2281
"1536","Traffic Zone 222420000","499","Traffic Zone 219430000","11/6/2019 - 11/6/2019, Every day, Daily Average",1805,1369,2378
"1536","Traffic Zone 222420000","500","Traffic Zone 270300102","11/6/2019 - 11/6/2019, Every day, Daily Average",1561,1137,2141
"1536","Traffic Zone 222420000","501","Traffic Zone 221490001","11/6/2019 - 11/6/2019, Every day, Daily Average",1414,721,2770
"1536","Traffic Zone 222420000","502","Traffic Zone 270090100","11/6/2019 - 11/6/2019, Every day, Daily Average",1071,723,1586
"1536","Traffic Zone 222420000","503","Traffic Zone 226970000","11/6/2019 - 11/6/2019, Every day, Daily Average",651,400,1059
"1536","Traffic Zone 222420000","504","Traffic Zone 270040001","11/6/2019 - 11/6/2019, Every day, Daily Average",1510,1063,2144
"1536","Traffic Zone 222420000","505","Traffic Zone 227020000","11/6/2019 - 11/6/2019, Every day, Daily Average",966,543,1716
"1536","Traffic Zone 222420000","506","Traffic Zone 221700000","11/6/2019 - 11/6/2019, Every day, Daily Average",885,573,1365
"1536","Traffic Zone 222420000","507","Traffic Zone 226960000","11/6/2019 - 11/6/2019, Every day, Daily Average",741,500,1096
"1536","Traffic Zone 222420000","508","Traffic Zone 270300101","11/6/2019 - 11/6/2019, Every day, Daily Average",1375,969,1950
"1536","Traffic Zone 222420000","509","Traffic Zone 270050001","11/6/2019 - 11/6/2019, Every day, Daily Average",1645,1229,2200
"1536","Traffic Zone 222420000","510","Traffic Zone 221640000","11/6/2019 - 11/6/2019, Every day, Daily Average",1029,677,1563
"1536","Traffic Zone 222420000","511","Traffic Zone 221490000","11/6/2019 - 11/6/2019, Every day, Daily Average",1274,872,1861
"1536","Traffic Zone 222420000","512","Traffic Zone 270240001","11/6/2019 - 11/6/2019, Every day, Daily Average",908,563,1463
"1536","Traffic Zone 222420000","513","Traffic Zone 270080004","11/6/2019 - 11/6/2019, Every day, Daily Average",1105,770,1584
"1536","Traffic Zone 222420000","514","Traffic Zone 270040000","11/6/2019 - 11/6/2019, Every day, Daily Average",1472,1071,2021
"1536","Traffic Zone 222420000","515","Traffic Zone 219420000","11/6/2019 - 11/6/2019, Every day, Daily Average",1705,1226,2370
"1536","Traffic Zone 222420000","516","Traffic Zone 270300200","11/6/2019 - 11/6/2019, Every day, Daily Average",1397,1006,1938
"1536","Traffic Zone 222420000","517","Traffic Zone 221480000","11/6/2019 - 11/6/2019, Every day, Daily Average",1356,964,1906
"1536","Traffic Zone 222420000","518","Traffic Zone 270030000","11/6/2019 - 11/6/2019, Every day, Daily Average",1693,1263,2268
"1536","Traffic Zone 222420000","519","Traffic Zone 221670000","11/6/2019 - 11/6/2019, Every day, Daily Average",780,529,1148
"1536","Traffic Zone 222420000","520","Traffic Zone 227030000","11/6/2019 - 11/6/2019, Every day, Daily Average",579,358,934
"1536","Traffic Zone 222420000","521","Traffic Zone 223600000","11/6/2019 - 11/6/2019, Every day, Daily Average",1086,706,1669
"1536","Traffic Zone 222420000","522","Traffic Zone 221680000","11/6/2019 - 11/6/2019, Every day, Daily Average",954,632,1439
"1536","Traffic Zone 222420000","523","Traffic Zone 219450000","11/6/2019 - 11/6/2019, Every day, Daily Average",1365,995,1872
"1536","Traffic Zone 222420000","524","Traffic Zone 221630000","11/6/2019 - 11/6/2019, Every day, Daily Average",993,685,1439
"1536","Traffic Zone 222420000","525","Traffic Zone 219440000","11/6/2019 - 11/6/2019, Every day, Daily Average",1488,1099,2013
"1536","Traffic Zone 222420000","526","Traffic Zone 221990000","11/6/2019 - 11/6/2019, Every day, Daily Average",896,579,1384
"1536","Traffic Zone 222420000","527","Traffic Zone 222010000","11/6/2019 - 11/6/2019, Every day, Daily Average",952,590,1536
"1536","Traffic Zone 222420000","528","Traffic Zone 221470000","11/6/2019 - 11/6/2019, Every day, Daily Average",1232,892,1699
"1536","Traffic Zone 222420000","529","Traffic Zone 221460000","11/6/2019 - 11/6/2019, Every day, Daily Average",1457,1038,2044
"1536","Traffic Zone 222420000","530","Traffic Zone 270020000","11/6/2019 - 11/6/2019, Every day, Daily Average",1762,1239,2504
"1536","Traffic Zone 222420000","531","Traffic Zone 221690000","11/6/2019 - 11/6/2019, Every day, Daily Average",974,618,1533
"1536","Traffic Zone 222420000","532","Traffic Zone 221840000","11/6/2019 - 11/6/2019, Every day, Daily Average",496,304,807
"1536","Traffic Zone 222420000","533","Traffic Zone 221630001","11/6/2019 - 11/6/2019, Every day, Daily Average",1168,846,1610
"1536","Traffic Zone 222420000","534","Traffic Zone 221830000","11/6/2019 - 11/6/2019, Every day, Daily Average",727,438,1205
"1536","Traffic Zone 222420000","535","Traffic Zone 219410000","11/6/2019 - 11/6/2019, Every day, Daily Average",1625,1036,2546
"1536","Traffic Zone 222420000","536","Traffic Zone 218980000","11/6/2019 - 11/6/2019, Every day, Daily Average",1805,1176,2770
"1536","Traffic Zone 222420000","537","Traffic Zone 221440000","11/6/2019 - 11/6/2019, Every day, Daily Average",1531,1105,2120
"1536","Traffic Zone 222420000","538","Traffic Zone 221980000","11/6/2019 - 11/6/2019, Every day, Daily Average",737,446,1215
"1536","Traffic Zone 222420000","539","Traffic Zone 270310000","11/6/2019 - 11/6/2019, Every day, Daily Average",1134,786,1635
"1536","Traffic Zone 222420000","540","Traffic Zone 221710000","11/6/2019 - 11/6/2019, Every day, Daily Average",1045,694,1572
"1536","Traffic Zone 222420000","541","Traffic Zone 221450000","11/6/2019 - 11/6/2019, Every day, Daily Average",1355,932,1969
"1536","Traffic Zone 222420000","542","Traffic Zone 223620200","11/6/2019 - 11/6/2019, Every day, Daily Average",1038,621,1733
"1536","Traffic Zone 222420000","543","Traffic Zone 221510000","11/6/2019 - 11/6/2019, Every day, Daily Average",1191,807,1757
"1536","Traffic Zone 222420000","544","Traffic Zone 219200000","11/6/2019 - 11/6/2019, Every day, Daily Average",1551,1119,2148
"1536","Traffic Zone 222420000","545","Traffic Zone 270010000","11/6/2019 - 11/6/2019, Every day, Daily Average",1684,1180,2402
"1536","Traffic Zone 222420000","546","Traffic Zone 221850000","11/6/2019 - 11/6/2019, Every day, Daily Average",438,268,715
"1536","Traffic Zone 222420000","547","Traffic Zone 223640000","11/6/2019 - 11/6/2019, Every day, Daily Average",1163,794,1703
"1536","Traffic Zone 222420000","548","Traffic Zone 221970000","11/6/2019 - 11/6/2019, Every day, Daily Average",867,532,1412
"1536","Traffic Zone 222420000","549","Traffic Zone 223510000","11/6/2019 - 11/6/2019, Every day, Daily Average",1153,878,1512
"1536","Traffic Zone 222420000","550","Traffic Zone 218990200","11/6/2019 - 11/6/2019, Every day, Daily Average",1860,1295,2670
"1536","Traffic Zone 222420000","551","Traffic Zone 221400000","11/6/2019 - 11/6/2019, Every day, Daily Average",1388,1007,1911
"1536","Traffic Zone 222420000","552","Traffic Zone 218990100","11/6/2019 - 11/6/2019, Every day, Daily Average",1673,1059,2642
"1536","Traffic Zone 222420000","553","Traffic Zone 221620000","11/6/2019 - 11/6/2019, Every day, Daily Average",1014,699,1470
"1536","Traffic Zone 222420000","554","Traffic Zone 223620100","11/6/2019 - 11/6/2019, Every day, Daily Average",993,588,1675
"1536","Traffic Zone 222420000","555","Traffic Zone 221860000","11/6/2019 - 11/6/2019, Every day, Daily Average",390,236,644
"1536","Traffic Zone 222420000","556","Traffic Zone 223610000","11/6/2019 - 11/6/2019, Every day, Daily Average",935,682,1281
"1536","Traffic Zone 222420000","557","Traffic Zone 221821000","11/6/2019 - 11/6/2019, Every day, Daily Average",849,568,1267
"1536","Traffic Zone 222420000","558","Traffic Zone 221720000","11/6/2019 - 11/6/2019, Every day, Daily Average",870,581,1301
"1536","Traffic Zone 222420000","559","Traffic Zone 218970200","11/6/2019 - 11/6/2019, Every day, Daily Average",1380,906,2101
"1536","Traffic Zone 222420000","560","Traffic Zone 219010000","11/6/2019 - 11/6/2019, Every day, Daily Average",1531,1018,2301
"1536","Traffic Zone 222420000","561","Traffic Zone 270320000","11/6/2019 - 11/6/2019, Every day, Daily Average",1039,767,1406
"1536","Traffic Zone 222420000","562","Traffic Zone 221950000","11/6/2019 - 11/6/2019, Every day, Daily Average",856,584,1254
"1536","Traffic Zone 222420000","563","Traffic Zone 222000000","11/6/2019 - 11/6/2019, Every day, Daily Average",691,437,1091
"1536","Traffic Zone 222420000","564","Traffic Zone 221410000","11/6/2019 - 11/6/2019, Every day, Daily Average",1343,985,1829
"1536","Traffic Zone 222420000","565","Traffic Zone 219190000","11/6/2019 - 11/6/2019, Every day, Daily Average",1523,1094,2120
"1536","Traffic Zone 222420000","566","Traffic Zone 221610000","11/6/2019 - 11/6/2019, Every day, Daily Average",910,600,1378
"1536","Traffic Zone 222420000","567","Traffic Zone 221822000","11/6/2019 - 11/6/2019, Every day, Daily Average",737,461,1176
"1536","Traffic Zone 222420000","568","Traffic Zone 219070000","11/6/2019 - 11/6/2019, Every day, Daily Average",1524,958,2423
"1536","Traffic Zone 222420000","569","Traffic Zone 221870000","11/6/2019 - 11/6/2019, Every day, Daily Average",339,204,561
"1536","Traffic Zone 222420000","570","Traffic Zone 223490000","11/6/2019 - 11/6/2019, Every day, Daily Average",1060,814,1379
"1536","Traffic Zone 222420000","571","Traffic Zone 221100000","11/6/2019 - 11/6/2019, Every day, Daily Average",1132,774,1655
"1536","Traffic Zone 222420000","572","Traffic Zone 221930000","11/6/2019 - 11/6/2019, Every day, Daily Average",646,431,967
"1536","Traffic Zone 222420000","573","Traffic Zone 219020000","11/6/2019 - 11/6/2019, Every day, Daily Average",1350,890,2046
"1536","Traffic Zone 222420000","574","Traffic Zone 223520200","11/6/2019 - 11/6/2019, Every day, Daily Average",1053,740,1497
"1536","Traffic Zone 222420000","575","Traffic Zone 223420000","11/6/2019 - 11/6/2019, Every day, Daily Average",858,653,1126
"1536","Traffic Zone 222420000","576","Traffic Zone 221280000","11/6/2019 - 11/6/2019, Every day, Daily Average",872,566,1341
"1536","Traffic Zone 222420000","577","Traffic Zone 223430000","11/6/2019 - 11/6/2019, Every day, Daily Average",848,624,1151
"1536","Traffic Zone 222420000","578","Traffic Zone 218960000","11/6/2019 - 11/6/2019, Every day, Daily Average",1083,700,1674
"1536","Traffic Zone 222420000","579","Traffic Zone 221811000","11/6/2019 - 11/6/2019, Every day, Daily Average",681,440,1053
"1536","Traffic Zone 222420000","580","Traffic Zone 223470000","11/6/2019 - 11/6/2019, Every day, Daily Average",1098,863,1396
"1536","Traffic Zone 222420000","581","Traffic Zone 219230000","11/6/2019 - 11/6/2019, Every day, Daily Average",1461,1068,1998
"1536","Traffic Zone 222420000","582","Traffic Zone 223460000","11/6/2019 - 11/6/2019, Every day, Daily Average",1001,758,1321
"1536","Traffic Zone 222420000","583","Traffic Zone 219182000","11/6/2019 - 11/6/2019, Every day, Daily Average",1469,1024,2106
"1536","Traffic Zone 222420000","584","Traffic Zone 219181000","11/6/2019 - 11/6/2019, Every day, Daily Average",1375,894,2114
"1536","Traffic Zone 222420000","585","Traffic Zone 219080000","11/6/2019 - 11/6/2019, Every day, Daily Average",1268,823,1951
"1536","Traffic Zone 222420000","586","Traffic Zone 218970100","11/6/2019 - 11/6/2019, Every day, Daily Average",1142,747,1744
"1536","Traffic Zone 222420000","587","Traffic Zone 223450000","11/6/2019 - 11/6/2019, Every day, Daily Average",932,672,1291
"1536","Traffic Zone 222420000","588","Traffic Zone 221270000","11/6/2019 - 11/6/2019, Every day, Daily Average",840,533,1322
"1536","Traffic Zone 222420000","589","Traffic Zone 221890000","11/6/2019 - 11/6/2019, Every day, Daily Average",453,280,730
"1536","Traffic Zone 222420000","590","Traffic Zone 221902000","11/6/2019 - 11/6/2019, Every day, Daily Average",698,511,951
"1536","Traffic Zone 222420000","591","Traffic Zone 221901000","11/6/2019 - 11/6/2019, Every day, Daily Average",571,401,812
"1536","Traffic Zone 222420000","592","Traffic Zone 221880000","11/6/2019 - 11/6/2019, Every day, Daily Average",274,164,455
"1536","Traffic Zone 222420000","593","Traffic Zone 223520100","11/6/2019 - 11/6/2019, Every day, Daily Average",967,646,1446
"1536","Traffic Zone 222420000","594","Traffic Zone 223480000","11/6/2019 - 11/6/2019, Every day, Daily Average",1352,976,1872
"1536","Traffic Zone 222420000","595","Traffic Zone 223400000","11/6/2019 - 11/6/2019, Every day, Daily Average",750,543,1035
"1536","Traffic Zone 222420000","596","Traffic Zone 221290000","11/6/2019 - 11/6/2019, Every day, Daily Average",706,463,1075
"1536","Traffic Zone 222420000","597","Traffic Zone 218950000","11/6/2019 - 11/6/2019, Every day, Daily Average",1140,704,1843
"1536","Traffic Zone 222420000","598","Traffic Zone 221812000","11/6/2019 - 11/6/2019, Every day, Daily Average",602,382,947
"1536","Traffic Zone 222420000","599","Traffic Zone 219100000","11/6/2019 - 11/6/2019, Every day, Daily Average",1140,700,1855
"1536","Traffic Zone 222420000","600","Traffic Zone 219171000","11/6/2019 - 11/6/2019, Every day, Daily Average",1235,757,2013
"1536","Traffic Zone 222420000","601","Traffic Zone 219090200","11/6/2019 - 11/6/2019, Every day, Daily Average",1108,727,1687
"1536","Traffic Zone 222420000","602","Traffic Zone 219241000","11/6/2019 - 11/6/2019, Every day, Daily Average",1493,1080,2062
"1536","Traffic Zone 222420000","603","Traffic Zone 221170100","11/6/2019 - 11/6/2019, Every day, Daily Average",1111,740,1667
"1536","Traffic Zone 222420000","604","Traffic Zone 219030100","11/6/2019 - 11/6/2019, Every day, Daily Average",962,624,1481
"1536","Traffic Zone 222420000","605","Traffic Zone 218940000","11/6/2019 - 11/6/2019, Every day, Daily Average",1304,814,2087
"1536","Traffic Zone 222420000","606","Traffic Zone 221150000","11/6/2019 - 11/6/2019, Every day, Daily Average",1240,867,1772
"1536","Traffic Zone 222420000","607","Traffic Zone 221261000","11/6/2019 - 11/6/2019, Every day, Daily Average",829,538,1275
"1536","Traffic Zone 222420000","608","Traffic Zone 222200000","11/6/2019 - 11/6/2019, Every day, Daily Average",592,376,931
"1536","Traffic Zone 222420000","609","Traffic Zone 222140000","11/6/2019 - 11/6/2019, Every day, Daily Average",229,134,390
"1536","Traffic Zone 222420000","610","Traffic Zone 223140000","11/6/2019 - 11/6/2019, Every day, Daily Average",606,435,842
"1536","Traffic Zone 222420000","611","Traffic Zone 221262000","11/6/2019 - 11/6/2019, Every day, Daily Average",697,460,1055
"1536","Traffic Zone 222420000","612","Traffic Zone 221310000","11/6/2019 - 11/6/2019, Every day, Daily Average",654,415,1028
"1536","Traffic Zone 222420000","613","Traffic Zone 223810000","11/6/2019 - 11/6/2019, Every day, Daily Average",959,693,1326
"1536","Traffic Zone 222420000","614","Traffic Zone 223790000","11/6/2019 - 11/6/2019, Every day, Daily Average",711,533,948
"1536","Traffic Zone 222420000","615","Traffic Zone 223730000","11/6/2019 - 11/6/2019, Every day, Daily Average",785,529,1162
"1536","Traffic Zone 222420000","616","Traffic Zone 219172000","11/6/2019 - 11/6/2019, Every day, Daily Average",1047,624,1756
"1536","Traffic Zone 222420000","617","Traffic Zone 219090100","11/6/2019 - 11/6/2019, Every day, Daily Average",866,557,1345
"1536","Traffic Zone 222420000","618","Traffic Zone 218930000","11/6/2019 - 11/6/2019, Every day, Daily Average",1402,928,2116
"1536","Traffic Zone 222420000","619","Traffic Zone 222130200","11/6/2019 - 11/6/2019, Every day, Daily Average",438,270,710
"1536","Traffic Zone 222420000","620","Traffic Zone 223250000","11/6/2019 - 11/6/2019, Every day, Daily Average",750,544,1032
"1536","Traffic Zone 222420000","621","Traffic Zone 222130100","11/6/2019 - 11/6/2019, Every day, Daily Average",524,327,837
"1536","Traffic Zone 222420000","622","Traffic Zone 223240000","11/6/2019 - 11/6/2019, Every day, Daily Average",834,563,1234
"1536","Traffic Zone 222420000","623","Traffic Zone 221170200","11/6/2019 - 11/6/2019, Every day, Daily Average",986,646,1503
"1536","Traffic Zone 222420000","624","Traffic Zone 223150000","11/6/2019 - 11/6/2019, Every day, Daily Average",632,435,916
"1536","Traffic Zone 222420000","625","Traffic Zone 219051000","11/6/2019 - 11/6/2019, Every day, Daily Average",907,581,1413
"1536","Traffic Zone 222420000","626","Traffic Zone 219242000","11/6/2019 - 11/6/2019, Every day, Daily Average",1192,781,1819
"1536","Traffic Zone 222420000","627","Traffic Zone 223800000","11/6/2019 - 11/6/2019, Every day, Daily Average",945,675,1321
"1536","Traffic Zone 222420000","628","Traffic Zone 223840000","11/6/2019 - 11/6/2019, Every day, Daily Average",967,696,1342
"1536","Traffic Zone 222420000","629","Traffic Zone 223720000","11/6/2019 - 11/6/2019, Every day, Daily Average",817,520,1282
"1536","Traffic Zone 222420000","630","Traffic Zone 221141000","11/6/2019 - 11/6/2019, Every day, Daily Average",1263,903,1766
"1536","Traffic Zone 222420000","631","Traffic Zone 219251000","11/6/2019 - 11/6/2019, Every day, Daily Average",1210,805,1817
"1536","Traffic Zone 222420000","632","Traffic Zone 221250000","11/6/2019 - 11/6/2019, Every day, Daily Average",745,472,1175
"1536","Traffic Zone 222420000","633","Traffic Zone 223130000","11/6/2019 - 11/6/2019, Every day, Daily Average",553,364,837
"1536","Traffic Zone 222420000","634","Traffic Zone 222250000","11/6/2019 - 11/6/2019, Every day, Daily Average",599,376,952
"1536","Traffic Zone 222420000","635","Traffic Zone 222150000","11/6/2019 - 11/6/2019, Every day, Daily Average",184,105,320
"1536","Traffic Zone 222420000","636","Traffic Zone 221180200","11/6/2019 - 11/6/2019, Every day, Daily Average",928,609,1412
"1536","Traffic Zone 222420000","637","Traffic Zone 221180100","11/6/2019 - 11/6/2019, Every day, Daily Average",1030,713,1486
"1536","Traffic Zone 222420000","638","Traffic Zone 221320200","11/6/2019 - 11/6/2019, Every day, Daily Average",501,314,798
"1536","Traffic Zone 222420000","639","Traffic Zone 221320100","11/6/2019 - 11/6/2019, Every day, Daily Average",600,382,940
"1536","Traffic Zone 222420000","640","Traffic Zone 219161000","11/6/2019 - 11/6/2019, Every day, Daily Average",1071,639,1794
"1536","Traffic Zone 222420000","641","Traffic Zone 219112000","11/6/2019 - 11/6/2019, Every day, Daily Average",822,530,1274
"1536","Traffic Zone 222420000","642","Traffic Zone 219111000","11/6/2019 - 11/6/2019, Every day, Daily Average",1282,832,1974
"1536","Traffic Zone 222420000","643","Traffic Zone 219040000","11/6/2019 - 11/6/2019, Every day, Daily Average",1240,779,1973
"1536","Traffic Zone 222420000","644","Traffic Zone 219052000","11/6/2019 - 11/6/2019, Every day, Daily Average",1241,789,1951
"1536","Traffic Zone 222420000","645","Traffic Zone 219162000","11/6/2019 - 11/6/2019, Every day, Daily Average",768,497,1185
"1536","Traffic Zone 222420000","646","Traffic Zone 222210000","11/6/2019 - 11/6/2019, Every day, Daily Average",444,249,788
"1536","Traffic Zone 222420000","647","Traffic Zone 222121000","11/6/2019 - 11/6/2019, Every day, Daily Average",422,259,686
"1536","Traffic Zone 222420000","648","Traffic Zone 221142000","11/6/2019 - 11/6/2019, Every day, Daily Average",1157,764,1750
"1536","Traffic Zone 222420000","649","Traffic Zone 222220000","11/6/2019 - 11/6/2019, Every day, Daily Average",348,217,556
"1536","Traffic Zone 222420000","650","Traffic Zone 219252000","11/6/2019 - 11/6/2019, Every day, Daily Average",1115,682,1820
"1536","Traffic Zone 222420000","651","Traffic Zone 221242000","11/6/2019 - 11/6/2019, Every day, Daily Average",664,433,1017
"1536","Traffic Zone 222420000","652","Traffic Zone 221241000","11/6/2019 - 11/6/2019, Every day, Daily Average",816,519,1281
"1536","Traffic Zone 222420000","653","Traffic Zone 223820000","11/6/2019 - 11/6/2019, Every day, Daily Average",827,579,1179
"1536","Traffic Zone 222420000","654","Traffic Zone 223780000","11/6/2019 - 11/6/2019, Every day, Daily Average",726,459,1147
"1536","Traffic Zone 222420000","655","Traffic Zone 223740000","11/6/2019 - 11/6/2019, Every day, Daily Average",660,435,999
"1536","Traffic Zone 222420000","656","Traffic Zone 223260000","11/6/2019 - 11/6/2019, Every day, Daily Average",657,436,988
"1536","Traffic Zone 222420000","657","Traffic Zone 223230000","11/6/2019 - 11/6/2019, Every day, Daily Average",751,461,1222
"1536","Traffic Zone 222420000","658","Traffic Zone 223220000","11/6/2019 - 11/6/2019, Every day, Daily Average",651,388,1092
"1536","Traffic Zone 222420000","659","Traffic Zone 223160000","11/6/2019 - 11/6/2019, Every day, Daily Average",519,322,834
"1536","Traffic Zone 222420000","660","Traffic Zone 223121000","11/6/2019 - 11/6/2019, Every day, Daily Average",497,308,800
"1536","Traffic Zone 222420000","661","Traffic Zone 221191000","11/6/2019 - 11/6/2019, Every day, Daily Average",985,691,1403
"1536","Traffic Zone 222420000","662","Traffic Zone 221131000","11/6/2019 - 11/6/2019, Every day, Daily Average",967,681,1372
"1536","Traffic Zone 222420000","663","Traffic Zone 221230500","11/6/2019 - 11/6/2019, Every day, Daily Average",649,448,938
"1536","Traffic Zone 222420000","664","Traffic Zone 221331000","11/6/2019 - 11/6/2019, Every day, Daily Average",547,350,854
"1536","Traffic Zone 222420000","665","Traffic Zone 221230400","11/6/2019 - 11/6/2019, Every day, Daily Average",810,506,1296
"1536","Traffic Zone 222420000","666","Traffic Zone 219120400","11/6/2019 - 11/6/2019, Every day, Daily Average",1198,849,1690
"1536","Traffic Zone 222420000","667","Traffic Zone 222122000","11/6/2019 - 11/6/2019, Every day, Daily Average",349,215,564
"1536","Traffic Zone 222420000","668","Traffic Zone 222260000","11/6/2019 - 11/6/2019, Every day, Daily Average",543,343,859
"1536","Traffic Zone 222420000","669","Traffic Zone 222160000","11/6/2019 - 11/6/2019, Every day, Daily Average",141,77,256
"1536","Traffic Zone 222420000","670","Traffic Zone 221210000","11/6/2019 - 11/6/2019, Every day, Daily Average",898,609,1323
"1536","Traffic Zone 222420000","671","Traffic Zone 221120000","11/6/2019 - 11/6/2019, Every day, Daily Average",1034,694,1540
"1536","Traffic Zone 222420000","672","Traffic Zone 219262000","11/6/2019 - 11/6/2019, Every day, Daily Average",988,623,1564
"1536","Traffic Zone 222420000","673","Traffic Zone 219261000","11/6/2019 - 11/6/2019, Every day, Daily Average",714,459,1110
"1536","Traffic Zone 222420000","674","Traffic Zone 219150000","11/6/2019 - 11/6/2019, Every day, Daily Average",750,481,1167
"1536","Traffic Zone 222420000","675","Traffic Zone 219120100","11/6/2019 - 11/6/2019, Every day, Daily Average",1229,842,1793
"1536","Traffic Zone 222420000","676","Traffic Zone 218920000","11/6/2019 - 11/6/2019, Every day, Daily Average",1303,886,1914
"1536","Traffic Zone 222420000","677","Traffic Zone 221230600","11/6/2019 - 11/6/2019, Every day, Daily Average",622,402,961
"1536","Traffic Zone 222420000","678","Traffic Zone 221192000","11/6/2019 - 11/6/2019, Every day, Daily Average",819,585,1145
"1536","Traffic Zone 222420000","679","Traffic Zone 221132000","11/6/2019 - 11/6/2019, Every day, Daily Average",935,668,1308
"1536","Traffic Zone 222420000","680","Traffic Zone 221332000","11/6/2019 - 11/6/2019, Every day, Daily Average",494,305,797
"1536","Traffic Zone 222420000","681","Traffic Zone 221230300","11/6/2019 - 11/6/2019, Every day, Daily Average",734,460,1170
"1536","Traffic Zone 222420000","682","Traffic Zone 219120300","11/6/2019 - 11/6/2019, Every day, Daily Average",935,636,1372
"1536","Traffic Zone 222420000","683","Traffic Zone 222181000","11/6/2019 - 11/6/2019, Every day, Daily Average",326,223,475
"1536","Traffic Zone 222420000","684","Traffic Zone 223750000","11/6/2019 - 11/6/2019, Every day, Daily Average",588,377,916
"1536","Traffic Zone 222420000","685","Traffic Zone 221220300","11/6/2019 - 11/6/2019, Every day, Daily Average",683,419,1111
"1536","Traffic Zone 222420000","686","Traffic Zone 222190000","11/6/2019 - 11/6/2019, Every day, Daily Average",400,253,630
"1536","Traffic Zone 222420000","687","Traffic Zone 223211000","11/6/2019 - 11/6/2019, Every day, Daily Average",476,275,822
"1536","Traffic Zone 222420000","688","Traffic Zone 223171000","11/6/2019 - 11/6/2019, Every day, Daily Average",392,247,620
"1536","Traffic Zone 222420000","689","Traffic Zone 223122000","11/6/2019 - 11/6/2019, Every day, Daily Average",438,249,768
"1536","Traffic Zone 222420000","690","Traffic Zone 221112001","11/6/2019 - 11/6/2019, Every day, Daily Average",812,546,1206
"1536","Traffic Zone 222420000","691","Traffic Zone 224130000","11/6/2019 - 11/6/2019, Every day, Daily Average",712,480,1055
"1536","Traffic Zone 222420000","692","Traffic Zone 224120000","11/6/2019 - 11/6/2019, Every day, Daily Average",876,578,1326
"1536","Traffic Zone 222420000","693","Traffic Zone 224040000","11/6/2019 - 11/6/2019, Every day, Daily Average",744,484,1142
"1536","Traffic Zone 222420000","694","Traffic Zone 224030000","11/6/2019 - 11/6/2019, Every day, Daily Average",860,551,1341
"1536","Traffic Zone 222420000","695","Traffic Zone 223710000","11/6/2019 - 11/6/2019, Every day, Daily Average",407,234,707
"1536","Traffic Zone 222420000","696","Traffic Zone 223270000","11/6/2019 - 11/6/2019, Every day, Daily Average",632,309,1289
"1536","Traffic Zone 222420000","697","Traffic Zone 222112000","11/6/2019 - 11/6/2019, Every day, Daily Average",262,134,509
"1536","Traffic Zone 222420000","698","Traffic Zone 222111000","11/6/2019 - 11/6/2019, Every day, Daily Average",293,167,513
"1536","Traffic Zone 222420000","699","Traffic Zone 222270001","11/6/2019 - 11/6/2019, Every day, Daily Average",445,318,622
"1536","Traffic Zone 222420000","700","Traffic Zone 221340200","11/6/2019 - 11/6/2019, Every day, Daily Average",363,210,625
"1536","Traffic Zone 222420000","701","Traffic Zone 221220200","11/6/2019 - 11/6/2019, Every day, Daily Average",542,335,876
"1536","Traffic Zone 222420000","702","Traffic Zone 219270000","11/6/2019 - 11/6/2019, Every day, Daily Average",697,439,1106
"1536","Traffic Zone 222420000","703","Traffic Zone 219142000","11/6/2019 - 11/6/2019, Every day, Daily Average",935,613,1425
"1536","Traffic Zone 222420000","704","Traffic Zone 219141000","11/6/2019 - 11/6/2019, Every day, Daily Average",939,624,1412
"1536","Traffic Zone 222420000","705","Traffic Zone 218910000","11/6/2019 - 11/6/2019, Every day, Daily Average",1249,919,1697
"1536","Traffic Zone 222420000","706","Traffic Zone 221340100","11/6/2019 - 11/6/2019, Every day, Daily Average",461,275,772
"1536","Traffic Zone 222420000","707","Traffic Zone 221111000","11/6/2019 - 11/6/2019, Every day, Daily Average",889,608,1299
"1536","Traffic Zone 222420000","708","Traffic Zone 222182000","11/6/2019 - 11/6/2019, Every day, Daily Average",289,191,436
"1536","Traffic Zone 222420000","709","Traffic Zone 223832000","11/6/2019 - 11/6/2019, Every day, Daily Average",531,323,870
"1536","Traffic Zone 222420000","710","Traffic Zone 223831000","11/6/2019 - 11/6/2019, Every day, Daily Average",513,309,850
"1536","Traffic Zone 222420000","711","Traffic Zone 223772000","11/6/2019 - 11/6/2019, Every day, Daily Average",497,297,830
"1536","Traffic Zone 222420000","712","Traffic Zone 221220400","11/6/2019 - 11/6/2019, Every day, Daily Average",681,428,1083
"1536","Traffic Zone 222420000","713","Traffic Zone 223771000","11/6/2019 - 11/6/2019, Every day, Daily Average",481,285,809
"1536","Traffic Zone 222420000","714","Traffic Zone 223212000","11/6/2019 - 11/6/2019, Every day, Daily Average",467,264,824
"1536","Traffic Zone 222420000","715","Traffic Zone 222171000","11/6/2019 - 11/6/2019, Every day, Daily Average",89,44,178
"1536","Traffic Zone 222420000","716","Traffic Zone 223172000","11/6/2019 - 11/6/2019, Every day, Daily Average",393,219,705
"1536","Traffic Zone 222420000","717","Traffic Zone 219130000","11/6/2019 - 11/6/2019, Every day, Daily Average",1051,695,1589
"1536","Traffic Zone 222420000","718","Traffic Zone 221112000","11/6/2019 - 11/6/2019, Every day, Daily Average",787,487,1269
"1536","Traffic Zone 222420000","719","Traffic Zone 223760000","11/6/2019 - 11/6/2019, Every day, Daily Average",446,261,759
"1536","Traffic Zone 222420000","720","Traffic Zone 222270000","11/6/2019 - 11/6/2019, Every day, Daily Average",393,259,595
"1536","Traffic Zone 222420000","721","Traffic Zone 223280000","11/6/2019 - 11/6/2019, Every day, Daily Average",368,209,647
"1536","Traffic Zone 222420000","722","Traffic Zone 223190000","11/6/2019 - 11/6/2019, Every day, Daily Average",322,179,579
"1536","Traffic Zone 222420000","723","Traffic Zone 223180000","11/6/2019 - 11/6/2019, Every day, Daily Average",270,146,496
"1536","Traffic Zone 222420000","724","Traffic Zone 223110000","11/6/2019 - 11/6/2019, Every day, Daily Average",212,112,398
"1536","Traffic Zone 222420000","726","Traffic Zone 227810000","11/6/2019 - 11/6/2019, Every day, Daily Average",1732,1252,2395
"1536","Traffic Zone 222420000","727","Traffic Zone 227660200","11/6/2019 - 11/6/2019, Every day, Daily Average",1880,1397,2528
"1536","Traffic Zone 222420000","728","Traffic Zone 262010100","11/6/2019 - 11/6/2019, Every day, Daily Average",1145,920,1424
"1536","Traffic Zone 222420000","729","Traffic Zone 262020100","11/6/2019 - 11/6/2019, Every day, Daily Average",1271,1049,1539
"1536","Traffic Zone 222420000","730","Traffic Zone 262010200","11/6/2019 - 11/6/2019, Every day, Daily Average",1541,1117,2125
"1536","Traffic Zone 222420000","731","Traffic Zone 227650000","11/6/2019 - 11/6/2019, Every day, Daily Average",1814,1325,2482
"1536","Traffic Zone 222420000","732","Traffic Zone 262030200","11/6/2019 - 11/6/2019, Every day, Daily Average",1567,1214,2022
"1536","Traffic Zone 222420000","733","Traffic Zone 262000302","11/6/2019 - 11/6/2019, Every day, Daily Average",1423,1089,1858
"1536","Traffic Zone 222420000","734","Traffic Zone 227800000","11/6/2019 - 11/6/2019, Every day, Daily Average",1506,1120,2024
"1536","Traffic Zone 222420000","735","Traffic Zone 227640000","11/6/2019 - 11/6/2019, Every day, Daily Average",1620,1192,2201
"1536","Traffic Zone 222420000","736","Traffic Zone 262090200","11/6/2019 - 11/6/2019, Every day, Daily Average",1769,1418,2205
"1536","Traffic Zone 222420000","737","Traffic Zone 227800002","11/6/2019 - 11/6/2019, Every day, Daily Average",1767,1247,2502
"1536","Traffic Zone 222420000","738","Traffic Zone 262030100","11/6/2019 - 11/6/2019, Every day, Daily Average",1624,1224,2154
"1536","Traffic Zone 222420000","739","Traffic Zone 262000100","11/6/2019 - 11/6/2019, Every day, Daily Average",1333,958,1853
"1536","Traffic Zone 222420000","740","Traffic Zone 262000200","11/6/2019 - 11/6/2019, Every day, Daily Average",1503,1128,2002
"1536","Traffic Zone 222420000","741","Traffic Zone 262030300","11/6/2019 - 11/6/2019, Every day, Daily Average",1628,1245,2127
"1536","Traffic Zone 222420000","742","Traffic Zone 262100200","11/6/2019 - 11/6/2019, Every day, Daily Average",1709,1380,2115
"1536","Traffic Zone 222420000","743","Traffic Zone 262090100","11/6/2019 - 11/6/2019, Every day, Daily Average",1602,1301,1971
"1536","Traffic Zone 222420000","744","Traffic Zone 227700001","11/6/2019 - 11/6/2019, Every day, Daily Average",1522,1026,2257
"1536","Traffic Zone 222420000","745","Traffic Zone 227700000","11/6/2019 - 11/6/2019, Every day, Daily Average",1509,967,2352
"1536","Traffic Zone 222420000","746","Traffic Zone 262110100","11/6/2019 - 11/6/2019, Every day, Daily Average",1747,1341,2274
"1536","Traffic Zone 222420000","747","Traffic Zone 262120200","11/6/2019 - 11/6/2019, Every day, Daily Average",1923,1413,2615
"1536","Traffic Zone 222420000","748","Traffic Zone 262100100","11/6/2019 - 11/6/2019, Every day, Daily Average",1734,1267,2371
"1536","Traffic Zone 222420000","749","Traffic Zone 227800001","11/6/2019 - 11/6/2019, Every day, Daily Average",1543,1169,2034
"1536","Traffic Zone 222420000","752","Traffic Zone 262110200","11/6/2019 - 11/6/2019, Every day, Daily Average",1885,1347,2636
"1536","Traffic Zone 222420000","753","Traffic Zone 262000301","11/6/2019 - 11/6/2019, Every day, Daily Average",1448,1047,2001
"1536","Traffic Zone 222420000","754","Traffic Zone 262080000","11/6/2019 - 11/6/2019, Every day, Daily Average",1684,1176,2409
"1536","Traffic Zone 222420000","755","Traffic Zone 262040000","11/6/2019 - 11/6/2019, Every day, Daily Average",1510,1053,2163
"1536","Traffic Zone 222420000","756","Traffic Zone 262040001","11/6/2019 - 11/6/2019, Every day, Daily Average",1335,945,1885
"1536","Traffic Zone 222420000","757","Traffic Zone 227600000","11/6/2019 - 11/6/2019, Every day, Daily Average",1411,923,2156
"1536","Traffic Zone 222420000","758","Traffic Zone 262120100","11/6/2019 - 11/6/2019, Every day, Daily Average",2036,1490,2780
"1536","Traffic Zone 222420000","759","Traffic Zone 262000303","11/6/2019 - 11/6/2019, Every day, Daily Average",1433,969,2118
"1536","Traffic Zone 222420000","760","Traffic Zone 262070100","11/6/2019 - 11/6/2019, Every day, Daily Average",1739,1210,2497
"1536","Traffic Zone 222420000","761","Traffic Zone 262000304","11/6/2019 - 11/6/2019, Every day, Daily Average",1438,1032,2002
"1536","Traffic Zone 222420000","762","Traffic Zone 227720000","11/6/2019 - 11/6/2019, Every day, Daily Average",1521,1127,2051
"1536","Traffic Zone 222420000","765","Traffic Zone 262070200","11/6/2019 - 11/6/2019, Every day, Daily Average",2166,1527,3070
"1536","Traffic Zone 222420000","766","Traffic Zone 262000300","11/6/2019 - 11/6/2019, Every day, Daily Average",1527,1065,2187
"1536","Traffic Zone 222420000","767","Traffic Zone 227710000","11/6/2019 - 11/6/2019, Every day, Daily Average",1291,887,1877
"1536","Traffic Zone 222420000","768","Traffic Zone 262052200","11/6/2019 - 11/6/2019, Every day, Daily Average",1383,1064,1797
"1536","Traffic Zone 222420000","769","Traffic Zone 227740000","11/6/2019 - 11/6/2019, Every day, Daily Average",1435,1068,1927
"1536","Traffic Zone 222420000","770","Traffic Zone 260230200","11/6/2019 - 11/6/2019, Every day, Daily Average",1150,838,1577
"1536","Traffic Zone 222420000","771","Traffic Zone 227610000","11/6/2019 - 11/6/2019, Every day, Daily Average",1425,1001,2027
"1536","Traffic Zone 222420000","772","Traffic Zone 262050100","11/6/2019 - 11/6/2019, Every day, Daily Average",1363,992,1872
"1536","Traffic Zone 222420000","773","Traffic Zone 260220000","11/6/2019 - 11/6/2019, Every day, Daily Average",1071,783,1464
"1536","Traffic Zone 222420000","774","Traffic Zone 260140100","11/6/2019 - 11/6/2019, Every day, Daily Average",1364,937,1985
"1536","Traffic Zone 222420000","775","Traffic Zone 262052100","11/6/2019 - 11/6/2019, Every day, Daily Average",1103,942,1290
"1536","Traffic Zone 222420000","776","Traffic Zone 260230100","11/6/2019 - 11/6/2019, Every day, Daily Average",1424,1063,1906
"1536","Traffic Zone 222420000","777","Traffic Zone 260140200","11/6/2019 - 11/6/2019, Every day, Daily Average",1266,877,1826
"1536","Traffic Zone 222420000","778","Traffic Zone 262060200","11/6/2019 - 11/6/2019, Every day, Daily Average",1754,1243,2473
"1536","Traffic Zone 222420000","779","Traffic Zone 262060100","11/6/2019 - 11/6/2019, Every day, Daily Average",1381,1026,1858
"1536","Traffic Zone 222420000","780","Traffic Zone 260160000","11/6/2019 - 11/6/2019, Every day, Daily Average",1047,762,1438
"1536","Traffic Zone 222420000","781","Traffic Zone 260150200","11/6/2019 - 11/6/2019, Every day, Daily Average",1155,819,1627
"1536","Traffic Zone 222420000","782","Traffic Zone 260150100","11/6/2019 - 11/6/2019, Every day, Daily Average",1176,835,1655
"1536","Traffic Zone 222420000","783","Traffic Zone 260130100","11/6/2019 - 11/6/2019, Every day, Daily Average",1419,971,2073
"1536","Traffic Zone 222420000","784","Traffic Zone 260130200","11/6/2019 - 11/6/2019, Every day, Daily Average",1241,876,1756
"1536","Traffic Zone 222420000","785","Traffic Zone 260390000","11/6/2019 - 11/6/2019, Every day, Daily Average",1314,1040,1658
"1536","Traffic Zone 222420000","786","Traffic Zone 260130300","11/6/2019 - 11/6/2019, Every day, Daily Average",1408,1013,1956
"1536","Traffic Zone 222420000","787","Traffic Zone 260210600","11/6/2019 - 11/6/2019, Every day, Daily Average",1352,957,1908
"1536","Traffic Zone 222420000","788","Traffic Zone 260400000","11/6/2019 - 11/6/2019, Every day, Daily Average",1509,1177,1934
"1536","Traffic Zone 222420000","789","Traffic Zone 260240200","11/6/2019 - 11/6/2019, Every day, Daily Average",1292,965,1728
"1536","Traffic Zone 222420000","790","Traffic Zone 260210300","11/6/2019 - 11/6/2019, Every day, Daily Average",1255,855,1839
"1536","Traffic Zone 222420000","791","Traffic Zone 260121100","11/6/2019 - 11/6/2019, Every day, Daily Average",1750,1395,2194
"1536","Traffic Zone 222420000","792","Traffic Zone 260120200","11/6/2019 - 11/6/2019, Every day, Daily Average",1326,946,1857
"1536","Traffic Zone 222420000","793","Traffic Zone 260121200","11/6/2019 - 11/6/2019, Every day, Daily Average",1659,1263,2179
"1536","Traffic Zone 222420000","794","Traffic Zone 265030000","11/6/2019 - 11/6/2019, Every day, Daily Average",1642,1174,2294
"1536","Traffic Zone 222420000","795","Traffic Zone 260091100","11/6/2019 - 11/6/2019, Every day, Daily Average",1446,975,2143
"1536","Traffic Zone 222420000","796","Traffic Zone 260090200","11/6/2019 - 11/6/2019, Every day, Daily Average",1302,909,1863
"1536","Traffic Zone 222420000","797","Traffic Zone 260170000","11/6/2019 - 11/6/2019, Every day, Daily Average",1007,726,1394
"1536","Traffic Zone 222420000","798","Traffic Zone 260180200","11/6/2019 - 11/6/2019, Every day, Daily Average",975,705,1346
"1536","Traffic Zone 222420000","799","Traffic Zone 260180100","11/6/2019 - 11/6/2019, Every day, Daily Average",1096,759,1581
"1536","Traffic Zone 222420000","800","Traffic Zone 260410000","11/6/2019 - 11/6/2019, Every day, Daily Average",1661,1281,2152
"1536","Traffic Zone 222420000","801","Traffic Zone 260380000","11/6/2019 - 11/6/2019, Every day, Daily Average",1455,1257,1683
"1536","Traffic Zone 222420000","802","Traffic Zone 260240400","11/6/2019 - 11/6/2019, Every day, Daily Average",1406,1092,1809
"1536","Traffic Zone 222420000","803","Traffic Zone 260240300","11/6/2019 - 11/6/2019, Every day, Daily Average",1374,1026,1839
"1536","Traffic Zone 222420000","804","Traffic Zone 260210500","11/6/2019 - 11/6/2019, Every day, Daily Average",1254,971,1619
"1536","Traffic Zone 222420000","805","Traffic Zone 260210400","11/6/2019 - 11/6/2019, Every day, Daily Average",984,705,1372
"1536","Traffic Zone 222420000","806","Traffic Zone 260100100","11/6/2019 - 11/6/2019, Every day, Daily Average",1564,1301,1879
"1536","Traffic Zone 222420000","807","Traffic Zone 260110000","11/6/2019 - 11/6/2019, Every day, Daily Average",1344,951,1898
"1536","Traffic Zone 222420000","808","Traffic Zone 260100101","11/6/2019 - 11/6/2019, Every day, Daily Average",1481,1118,1961
"1536","Traffic Zone 222420000","809","Traffic Zone 260100200","11/6/2019 - 11/6/2019, Every day, Daily Average",1484,1211,1818
"1536","Traffic Zone 222420000","810","Traffic Zone 260091200","11/6/2019 - 11/6/2019, Every day, Daily Average",1256,921,1711
"1536","Traffic Zone 222420000","811","Traffic Zone 260370300","11/6/2019 - 11/6/2019, Every day, Daily Average",1516,1251,1836
"1536","Traffic Zone 222420000","812","Traffic Zone 265020000","11/6/2019 - 11/6/2019, Every day, Daily Average",1484,1005,2189
"1536","Traffic Zone 222420000","813","Traffic Zone 260250200","11/6/2019 - 11/6/2019, Every day, Daily Average",1410,1119,1776
"1536","Traffic Zone 222420000","814","Traffic Zone 260200200","11/6/2019 - 11/6/2019, Every day, Daily Average",966,689,1352
"1536","Traffic Zone 222420000","815","Traffic Zone 260200300","11/6/2019 - 11/6/2019, Every day, Daily Average",1136,821,1570
"1536","Traffic Zone 222420000","816","Traffic Zone 260190000","11/6/2019 - 11/6/2019, Every day, Daily Average",1122,800,1573
"1536","Traffic Zone 222420000","817","Traffic Zone 265000200","11/6/2019 - 11/6/2019, Every day, Daily Average",1564,1095,2232
"1536","Traffic Zone 222420000","818","Traffic Zone 260070300","11/6/2019 - 11/6/2019, Every day, Daily Average",1428,1077,1891
"1536","Traffic Zone 222420000","819","Traffic Zone 260370200","11/6/2019 - 11/6/2019, Every day, Daily Average",1759,1331,2323
"1536","Traffic Zone 222420000","820","Traffic Zone 260250101","11/6/2019 - 11/6/2019, Every day, Daily Average",1208,902,1617
"1536","Traffic Zone 222420000","821","Traffic Zone 260250100","11/6/2019 - 11/6/2019, Every day, Daily Average",1090,763,1556
"1536","Traffic Zone 222420000","822","Traffic Zone 265010200","11/6/2019 - 11/6/2019, Every day, Daily Average",1428,985,2068
"1536","Traffic Zone 222420000","823","Traffic Zone 260080200","11/6/2019 - 11/6/2019, Every day, Daily Average",1269,975,1650
"1536","Traffic Zone 222420000","824","Traffic Zone 260370400","11/6/2019 - 11/6/2019, Every day, Daily Average",1478,1104,1977
"1536","Traffic Zone 222420000","825","Traffic Zone 260250300","11/6/2019 - 11/6/2019, Every day, Daily Average",1302,994,1703
"1536","Traffic Zone 222420000","826","Traffic Zone 260200400","11/6/2019 - 11/6/2019, Every day, Daily Average",1079,836,1391
"1536","Traffic Zone 222420000","827","Traffic Zone 260060200","11/6/2019 - 11/6/2019, Every day, Daily Average",980,855,1122
"1536","Traffic Zone 222420000","828","Traffic Zone 260070200","11/6/2019 - 11/6/2019, Every day, Daily Average",1140,866,1500
"1536","Traffic Zone 222420000","829","Traffic Zone 260050200","11/6/2019 - 11/6/2019, Every day, Daily Average",932,659,1316
"1536","Traffic Zone 222420000","830","Traffic Zone 260070400","11/6/2019 - 11/6/2019, Every day, Daily Average",1247,896,1734
"1536","Traffic Zone 222420000","831","Traffic Zone 260360000","11/6/2019 - 11/6/2019, Every day, Daily Average",1472,1141,1898
"1536","Traffic Zone 222420000","832","Traffic Zone 260050100","11/6/2019 - 11/6/2019, Every day, Daily Average",1101,860,1409
"1536","Traffic Zone 222420000","833","Traffic Zone 260060100","11/6/2019 - 11/6/2019, Every day, Daily Average",989,883,1107
"1536","Traffic Zone 222420000","834","Traffic Zone 260080100","11/6/2019 - 11/6/2019, Every day, Daily Average",1089,757,1566
"1536","Traffic Zone 222420000","835","Traffic Zone 265000100","11/6/2019 - 11/6/2019, Every day, Daily Average",1513,1043,2193
"1536","Traffic Zone 222420000","837","Traffic Zone 265010100","11/6/2019 - 11/6/2019, Every day, Daily Average",1275,879,1848
"1536","Traffic Zone 222420000","838","Traffic Zone 260260000","11/6/2019 - 11/6/2019, Every day, Daily Average",1296,931,1802
"1536","Traffic Zone 222420000","839","Traffic Zone 260270000","11/6/2019 - 11/6/2019, Every day, Daily Average",873,611,1246
"1536","Traffic Zone 222420000","840","Traffic Zone 260340000","11/6/2019 - 11/6/2019, Every day, Daily Average",1428,1038,1962
"1536","Traffic Zone 222420000","841","Traffic Zone 260040000","11/6/2019 - 11/6/2019, Every day, Daily Average",1044,804,1354
"1536","Traffic Zone 222420000","842","Traffic Zone 260290000","11/6/2019 - 11/6/2019, Every day, Daily Average",1112,797,1550
"1536","Traffic Zone 222420000","843","Traffic Zone 260330100","11/6/2019 - 11/6/2019, Every day, Daily Average",1208,884,1649
"1536","Traffic Zone 222420000","844","Traffic Zone 260330200","11/6/2019 - 11/6/2019, Every day, Daily Average",1275,901,1803
"1536","Traffic Zone 222420000","845","Traffic Zone 260300300","11/6/2019 - 11/6/2019, Every day, Daily Average",996,772,1284
"1536","Traffic Zone 222420000","846","Traffic Zone 260030200","11/6/2019 - 11/6/2019, Every day, Daily Average",1199,785,1829
"1536","Traffic Zone 222420000","847","Traffic Zone 260320000","11/6/2019 - 11/6/2019, Every day, Daily Average",1491,1022,2174
"1536","Traffic Zone 222420000","848","Traffic Zone 260280000","11/6/2019 - 11/6/2019, Every day, Daily Average",788,542,1144
"1536","Traffic Zone 222420000","849","Traffic Zone 260020200","11/6/2019 - 11/6/2019, Every day, Daily Average",965,658,1414
"1536","Traffic Zone 222420000","850","Traffic Zone 260020100","11/6/2019 - 11/6/2019, Every day, Daily Average",813,555,1190
"1536","Traffic Zone 222420000","851","Traffic Zone 260300400","11/6/2019 - 11/6/2019, Every day, Daily Average",815,692,959
"1536","Traffic Zone 222420000","852","Traffic Zone 260300100","11/6/2019 - 11/6/2019, Every day, Daily Average",891,680,1166
"1536","Traffic Zone 222420000","853","Traffic Zone 260310200","11/6/2019 - 11/6/2019, Every day, Daily Average",1281,837,1960
"1536","Traffic Zone 222420000","854","Traffic Zone 260310100","11/6/2019 - 11/6/2019, Every day, Daily Average",885,721,1086
"1536","Traffic Zone 222420000","855","Traffic Zone 260290001","11/6/2019 - 11/6/2019, Every day, Daily Average",914,636,1312
"1536","Traffic Zone 222420000","856","Traffic Zone 260030100","11/6/2019 - 11/6/2019, Every day, Daily Average",1125,775,1632
"1536","Traffic Zone 222420000","857","Traffic Zone 260010000","11/6/2019 - 11/6/2019, Every day, Daily Average",819,628,1066
"1536","Traffic Zone 222420000","858","Traffic Zone 229121000","11/6/2019 - 11/6/2019, Every day, Daily Average",817,574,1162
"1536","Traffic Zone 222420000","859","Traffic Zone 229130000","11/6/2019 - 11/6/2019, Every day, Daily Average",934,660,1319
"1536","Traffic Zone 222420000","860","Traffic Zone 229122000","11/6/2019 - 11/6/2019, Every day, Daily Average",870,614,1232
"1536","Traffic Zone 222420000","861","Traffic Zone 229113000","11/6/2019 - 11/6/2019, Every day, Daily Average",763,527,1102
"1536","Traffic Zone 222420000","862","Traffic Zone 229112000","11/6/2019 - 11/6/2019, Every day, Daily Average",732,497,1076
"1536","Traffic Zone 222420000","863","Traffic Zone 229111000","11/6/2019 - 11/6/2019, Every day, Daily Average",701,473,1036
"1536","Traffic Zone 222420000","874","Traffic Zone 267060000","11/6/2019 - 11/6/2019, Every day, Daily Average",1997,1781,2238
"1536","Traffic Zone 222420000","877","Traffic Zone 265050200","11/6/2019 - 11/6/2019, Every day, Daily Average",1866,1354,2570
"1536","Traffic Zone 222420000","879","Traffic Zone 265070200","11/6/2019 - 11/6/2019, Every day, Daily Average",1934,1430,2614
"1536","Traffic Zone 222420000","880","Traffic Zone 265120100","11/6/2019 - 11/6/2019, Every day, Daily Average",1700,1396,2069
"1536","Traffic Zone 222420000","881","Traffic Zone 265060200","11/6/2019 - 11/6/2019, Every day, Daily Average",2101,1508,2926
"1536","Traffic Zone 222420000","883","Traffic Zone 265050100","11/6/2019 - 11/6/2019, Every day, Daily Average",1829,1338,2499
"1536","Traffic Zone 222420000","884","Traffic Zone 267020200","11/6/2019 - 11/6/2019, Every day, Daily Average",1671,1455,1918
"1536","Traffic Zone 222420000","889","Traffic Zone 265060100","11/6/2019 - 11/6/2019, Every day, Daily Average",2159,1548,3010
"1536","Traffic Zone 222420000","891","Traffic Zone 265070102","11/6/2019 - 11/6/2019, Every day, Daily Average",1659,1235,2228
"1536","Traffic Zone 222420000","892","Traffic Zone 265110200","11/6/2019 - 11/6/2019, Every day, Daily Average",1781,1291,2456
"1536","Traffic Zone 222420000","893","Traffic Zone 265140000","11/6/2019 - 11/6/2019, Every day, Daily Average",1488,1246,1776
"1536","Traffic Zone 222420000","894","Traffic Zone 267020100","11/6/2019 - 11/6/2019, Every day, Daily Average",1721,1485,1993
"1536","Traffic Zone 222420000","895","Traffic Zone 265040001","11/6/2019 - 11/6/2019, Every day, Daily Average",2033,1405,2941
"1536","Traffic Zone 222420000","896","Traffic Zone 265110100","11/6/2019 - 11/6/2019, Every day, Daily Average",1889,1299,2746
"1536","Traffic Zone 222420000","897","Traffic Zone 265110102","11/6/2019 - 11/6/2019, Every day, Daily Average",2193,1721,2793
"1536","Traffic Zone 222420000","898","Traffic Zone 265080000","11/6/2019 - 11/6/2019, Every day, Daily Average",1516,1160,1980
"1536","Traffic Zone 222420000","899","Traffic Zone 265040000","11/6/2019 - 11/6/2019, Every day, Daily Average",1728,1234,2418
"1536","Traffic Zone 222420000","900","Traffic Zone 265110101","11/6/2019 - 11/6/2019, Every day, Daily Average",1351,1199,1522
"1536","Traffic Zone 222420000","901","Traffic Zone 267070200","11/6/2019 - 11/6/2019, Every day, Daily Average",1804,1584,2054
"1536","Traffic Zone 222420000","902","Traffic Zone 265100200","11/6/2019 - 11/6/2019, Every day, Daily Average",1466,1214,1769
"1536","Traffic Zone 222420000","903","Traffic Zone 229740000","11/6/2019 - 11/6/2019, Every day, Daily Average",1693,1482,1932
"1536","Traffic Zone 222420000","904","Traffic Zone 267000300","11/6/2019 - 11/6/2019, Every day, Daily Average",1500,1115,2016
"1536","Traffic Zone 222420000","906","Traffic Zone 265090200","11/6/2019 - 11/6/2019, Every day, Daily Average",1347,1069,1697
"1536","Traffic Zone 222420000","907","Traffic Zone 265090100","11/6/2019 - 11/6/2019, Every day, Daily Average",1460,1072,1986
"1536","Traffic Zone 222420000","908","Traffic Zone 265090101","11/6/2019 - 11/6/2019, Every day, Daily Average",1590,1073,2355
"1536","Traffic Zone 222420000","911","Traffic Zone 267010000","11/6/2019 - 11/6/2019, Every day, Daily Average",1443,1269,1640
"1536","Traffic Zone 222420000","913","Traffic Zone 267000200","11/6/2019 - 11/6/2019, Every day, Daily Average",1412,1047,1903
"1536","Traffic Zone 222420000","914","Traffic Zone 229700000","11/6/2019 - 11/6/2019, Every day, Daily Average",1585,1385,1812
"1536","Traffic Zone 222420000","915","Traffic Zone 229640000","11/6/2019 - 11/6/2019, Every day, Daily Average",1464,1279,1674
"1536","Traffic Zone 222420000","916","Traffic Zone 229330400","11/6/2019 - 11/6/2019, Every day, Daily Average",1382,1040,1836
"1536","Traffic Zone 222420000","917","Traffic Zone 229330500","11/6/2019 - 11/6/2019, Every day, Daily Average",1389,1185,1627
"1536","Traffic Zone 222420000","919","Traffic Zone 260990000","11/6/2019 - 11/6/2019, Every day, Daily Average",1354,1188,1542
"1536","Traffic Zone 222420000","920","Traffic Zone 229320200","11/6/2019 - 11/6/2019, Every day, Daily Average",1420,1028,1959
"1536","Traffic Zone 222420000","921","Traffic Zone 229320100","11/6/2019 - 11/6/2019, Every day, Daily Average",1231,880,1721
"1536","Traffic Zone 222420000","925","Traffic Zone 229630000","11/6/2019 - 11/6/2019, Every day, Daily Average",1320,1039,1675
"1536","Traffic Zone 222420000","927","Traffic Zone 229200000","11/6/2019 - 11/6/2019, Every day, Daily Average",1343,904,1993
"1536","Traffic Zone 222420000","929","Traffic Zone 229510100","11/6/2019 - 11/6/2019, Every day, Daily Average",1342,1030,1748
"1536","Traffic Zone 222420000","930","Traffic Zone 229650000","11/6/2019 - 11/6/2019, Every day, Daily Average",1372,1071,1757
"1536","Traffic Zone 222420000","931","Traffic Zone 254360300","11/6/2019 - 11/6/2019, Every day, Daily Average",1246,879,1764
"1536","Traffic Zone 222420000","932","Traffic Zone 229660000","11/6/2019 - 11/6/2019, Every day, Daily Average",1482,1135,1934
"1536","Traffic Zone 222420000","933","Traffic Zone 254360200","11/6/2019 - 11/6/2019, Every day, Daily Average",1211,849,1726
"1536","Traffic Zone 222420000","934","Traffic Zone 254350300","11/6/2019 - 11/6/2019, Every day, Daily Average",1088,779,1519
"1536","Traffic Zone 222420000","935","Traffic Zone 254350200","11/6/2019 - 11/6/2019, Every day, Daily Average",1043,732,1484
"1536","Traffic Zone 222420000","936","Traffic Zone 229442000","11/6/2019 - 11/6/2019, Every day, Daily Average",1382,980,1947
"1536","Traffic Zone 222420000","937","Traffic Zone 229441000","11/6/2019 - 11/6/2019, Every day, Daily Average",1304,920,1847
"1536","Traffic Zone 222420000","940","Traffic Zone 229622000","11/6/2019 - 11/6/2019, Every day, Daily Average",1459,1237,1720
"1536","Traffic Zone 222420000","941","Traffic Zone 254350100","11/6/2019 - 11/6/2019, Every day, Daily Average",990,694,1410
"1536","Traffic Zone 222420000","944","Traffic Zone 229430000","11/6/2019 - 11/6/2019, Every day, Daily Average",2013,1259,3217
"1536","Traffic Zone 222420000","945","Traffic Zone 229621000","11/6/2019 - 11/6/2019, Every day, Daily Average",1443,1191,1747
"1536","Traffic Zone 222420000","947","Traffic Zone 254340000","11/6/2019 - 11/6/2019, Every day, Daily Average",1335,887,2008
"1536","Traffic Zone 222420000","948","Traffic Zone 229451000","11/6/2019 - 11/6/2019, Every day, Daily Average",1973,1249,3114
"1536","Traffic Zone 222420000","950","Traffic Zone 254380100","11/6/2019 - 11/6/2019, Every day, Daily Average",1128,752,1691
"1536","Traffic Zone 222420000","951","Traffic Zone 254380200","11/6/2019 - 11/6/2019, Every day, Daily Average",1513,1156,1979
"1536","Traffic Zone 222420000","960","Traffic Zone 254390300","11/6/2019 - 11/6/2019, Every day, Daily Average",1287,836,1980
"1536","Traffic Zone 222420000","965","Traffic Zone 254332100","11/6/2019 - 11/6/2019, Every day, Daily Average",1251,911,1717
"1536","Traffic Zone 222420000","966","Traffic Zone 254330300","11/6/2019 - 11/6/2019, Every day, Daily Average",1459,944,2254
"1536","Traffic Zone 222420000","968","Traffic Zone 254390400","11/6/2019 - 11/6/2019, Every day, Daily Average",1355,887,2068
"1536","Traffic Zone 222420000","970","Traffic Zone 254332101","11/6/2019 - 11/6/2019, Every day, Daily Average",1366,966,1930
"1536","Traffic Zone 222420000","974","Traffic Zone 254330502","11/6/2019 - 11/6/2019, Every day, Daily Average",1402,957,2052
"1536","Traffic Zone 222420000","975","Traffic Zone 229412000","11/6/2019 - 11/6/2019, Every day, Daily Average",1389,908,2122
"1536","Traffic Zone 222420000","976","Traffic Zone 254400000","11/6/2019 - 11/6/2019, Every day, Daily Average",1722,1116,2654
"1536","Traffic Zone 222420000","977","Traffic Zone 254400001","11/6/2019 - 11/6/2019, Every day, Daily Average",1648,1143,2374
"1536","Traffic Zone 222420000","978","Traffic Zone 254330500","11/6/2019 - 11/6/2019, Every day, Daily Average",1538,1072,2205
"1536","Traffic Zone 222420000","980","Traffic Zone 257560000","11/6/2019 - 11/6/2019, Every day, Daily Average",1634,1242,2149
"1536","Traffic Zone 222420000","981","Traffic Zone 257230100","11/6/2019 - 11/6/2019, Every day, Daily Average",1432,933,2196
"1536","Traffic Zone 222420000","984","Traffic Zone 257550000","11/6/2019 - 11/6/2019, Every day, Daily Average",1511,1171,1949
"1536","Traffic Zone 222420000","985","Traffic Zone 257260000","11/6/2019 - 11/6/2019, Every day, Daily Average",1412,1079,1847
"1536","Traffic Zone 222420000","986","Traffic Zone 257270000","11/6/2019 - 11/6/2019, Every day, Daily Average",1445,1108,1883
"1536","Traffic Zone 222420000","987","Traffic Zone 257290000","11/6/2019 - 11/6/2019, Every day, Daily Average",1475,1136,1914
"1536","Traffic Zone 222420000","988","Traffic Zone 257230200","11/6/2019 - 11/6/2019, Every day, Daily Average",1385,1049,1827
"1536","Traffic Zone 222420000","989","Traffic Zone 257240000","11/6/2019 - 11/6/2019, Every day, Daily Average",1500,985,2283
"1536","Traffic Zone 222420000","991","Traffic Zone 257590100","11/6/2019 - 11/6/2019, Every day, Daily Average",1653,1248,2188
"1536","Traffic Zone 222420000","992","Traffic Zone 257210000","11/6/2019 - 11/6/2019, Every day, Daily Average",1599,1018,2511
"1536","Traffic Zone 222420000","994","Traffic Zone 257600000","11/6/2019 - 11/6/2019, Every day, Daily Average",1807,1356,2406
"1536","Traffic Zone 222420000","996","Traffic Zone 257170100","11/6/2019 - 11/6/2019, Every day, Daily Average",1541,1084,2190
"1536","Traffic Zone 222420000","998","Traffic Zone 257040100","11/6/2019 - 11/6/2019, Every day, Daily Average",1551,1061,2265
"1536","Traffic Zone 222420000","1000","Traffic Zone 257040200","11/6/2019 - 11/6/2019, Every day, Daily Average",1541,1069,2220
"1536","Traffic Zone 222420000","1001","Traffic Zone 257220201","11/6/2019 - 11/6/2019, Every day, Daily Average",1983,1263,3111
"1536","Traffic Zone 222420000","1004","Traffic Zone 257220100","11/6/2019 - 11/6/2019, Every day, Daily Average",1658,1068,2573
"1536","Traffic Zone 222420000","1007","Traffic Zone 257200200","11/6/2019 - 11/6/2019, Every day, Daily Average",1645,1049,2578
"1536","Traffic Zone 222420000","1011","Traffic Zone 257030100","11/6/2019 - 11/6/2019, Every day, Daily Average",1679,1171,2407
"1536","Traffic Zone 222420000","1012","Traffic Zone 257220200","11/6/2019 - 11/6/2019, Every day, Daily Average",2203,1534,3162
"1536","Traffic Zone 222420000","1014","Traffic Zone 257610000","11/6/2019 - 11/6/2019, Every day, Daily Average",1804,1465,2219
"1536","Traffic Zone 222420000","1015","Traffic Zone 257620000","11/6/2019 - 11/6/2019, Every day, Daily Average",1663,1335,2071
"1536","Traffic Zone 222420000","1021","Traffic Zone 257340100","11/6/2019 - 11/6/2019, Every day, Daily Average",1709,1087,2684
"1536","Traffic Zone 222420000","1024","Traffic Zone 257660100","11/6/2019 - 11/6/2019, Every day, Daily Average",1926,1519,2440
"1536","Traffic Zone 222420000","1028","Traffic Zone 257350000","11/6/2019 - 11/6/2019, Every day, Daily Average",1746,1109,2748
"1536","Traffic Zone 222420000","1029","Traffic Zone 257020200","11/6/2019 - 11/6/2019, Every day, Daily Average",1815,1254,2626
"1536","Traffic Zone 222420000","1042","Traffic Zone 257340200","11/6/2019 - 11/6/2019, Every day, Daily Average",1998,1213,3290
"1536","Traffic Zone 222420000","1051","Traffic Zone 257020300","11/6/2019 - 11/6/2019, Every day, Daily Average",1942,1351,2791
"1536","Traffic Zone 222420000","1056","Traffic Zone 257350002","11/6/2019 - 11/6/2019, Every day, Daily Average",1801,1154,2810
"1536","Traffic Zone 222420000","1058","Traffic Zone 257350001","11/6/2019 - 11/6/2019, Every day, Daily Average",1834,1163,2889
"1536","Traffic Zone 222420000","1065","Traffic Zone 257500100","11/6/2019 - 11/6/2019, Every day, Daily Average",2233,1324,3764
"1536","Traffic Zone 222420000","1066","Traffic Zone 257420200","11/6/2019 - 11/6/2019, Every day, Daily Average",1867,1205,2891
"1536","Traffic Zone 222420000","1075","Traffic Zone 257420100","11/6/2019 - 11/6/2019, Every day, Daily Average",1822,1214,2733
"1536","Traffic Zone 222420000","1086","Traffic Zone 257430000","11/6/2019 - 11/6/2019, Every day, Daily Average",1904,1261,2874
"1536","Traffic Zone 222420000","1097","Traffic Zone 257440000","11/6/2019 - 11/6/2019, Every day, Daily Average",1889,1271,2806
"1536","Traffic Zone 222420000","1100","Traffic Zone 257450000","11/6/2019 - 11/6/2019, Every day, Daily Average",1895,1311,2737
"1536","Traffic Zone 222420000","1101","Traffic Zone 257390100","11/6/2019 - 11/6/2019, Every day, Daily Average",1995,1359,2927
"1536","Traffic Zone 222420000","1104","Traffic Zone 224050000","11/6/2019 - 11/6/2019, Every day, Daily Average",592,375,933
"1536","Traffic Zone 222420000","1105","Traffic Zone 224020000","11/6/2019 - 11/6/2019, Every day, Daily Average",557,345,898
"1536","Traffic Zone 222420000","1106","Traffic Zone 224140000","11/6/2019 - 11/6/2019, Every day, Daily Average",669,443,1009
"1536","Traffic Zone 222420000","1107","Traffic Zone 224112000","11/6/2019 - 11/6/2019, Every day, Daily Average",642,419,982
"1536","Traffic Zone 222420000","1108","Traffic Zone 224111000","11/6/2019 - 11/6/2019, Every day, Daily Average",618,398,959
"1536","Traffic Zone 222420000","1109","Traffic Zone 223931000","11/6/2019 - 11/6/2019, Every day, Daily Average",537,339,850
"1536","Traffic Zone 222420000","1110","Traffic Zone 254100100","11/6/2019 - 11/6/2019, Every day, Daily Average",1092,807,1476
"1536","Traffic Zone 222420000","1111","Traffic Zone 254100200","11/6/2019 - 11/6/2019, Every day, Daily Average",1117,811,1537
"1536","Traffic Zone 222420000","1112","Traffic Zone 254090200","11/6/2019 - 11/6/2019, Every day, Daily Average",1069,809,1412
"1536","Traffic Zone 222420000","1113","Traffic Zone 254090100","11/6/2019 - 11/6/2019, Every day, Daily Average",685,460,1018
"1536","Traffic Zone 222420000","1114","Traffic Zone 223970000","11/6/2019 - 11/6/2019, Every day, Daily Average",875,537,1424
"1536","Traffic Zone 222420000","1115","Traffic Zone 223960000","11/6/2019 - 11/6/2019, Every day, Daily Average",656,412,1042
"1536","Traffic Zone 222420000","1116","Traffic Zone 223932000","11/6/2019 - 11/6/2019, Every day, Daily Average",525,361,763
"1536","Traffic Zone 222420000","1117","Traffic Zone 222842000","11/6/2019 - 11/6/2019, Every day, Daily Average",489,278,857
"1536","Traffic Zone 222420000","1118","Traffic Zone 222941000","11/6/2019 - 11/6/2019, Every day, Daily Average",534,395,721
"1536","Traffic Zone 222420000","1119","Traffic Zone 222930000","11/6/2019 - 11/6/2019, Every day, Daily Average",495,320,763
"1536","Traffic Zone 222420000","1120","Traffic Zone 222850000","11/6/2019 - 11/6/2019, Every day, Daily Average",519,321,838
"1536","Traffic Zone 222420000","1121","Traffic Zone 222841000","11/6/2019 - 11/6/2019, Every day, Daily Average",548,326,919
"1536","Traffic Zone 222420000","1122","Traffic Zone 224060000","11/6/2019 - 11/6/2019, Every day, Daily Average",803,559,1151
"1536","Traffic Zone 222420000","1123","Traffic Zone 223920000","11/6/2019 - 11/6/2019, Every day, Daily Average",698,437,1113
"1536","Traffic Zone 222420000","1124","Traffic Zone 224002000","11/6/2019 - 11/6/2019, Every day, Daily Average",885,615,1273
"1536","Traffic Zone 222420000","1125","Traffic Zone 224001000","11/6/2019 - 11/6/2019, Every day, Daily Average",799,547,1165
"1536","Traffic Zone 222420000","1126","Traffic Zone 223980000","11/6/2019 - 11/6/2019, Every day, Daily Average",950,655,1377
"1536","Traffic Zone 222420000","1127","Traffic Zone 222832000","11/6/2019 - 11/6/2019, Every day, Daily Average",628,430,916
"1536","Traffic Zone 222420000","1128","Traffic Zone 223950000","11/6/2019 - 11/6/2019, Every day, Daily Average",797,525,1209
"1536","Traffic Zone 222420000","1129","Traffic Zone 223933000","11/6/2019 - 11/6/2019, Every day, Daily Average",620,421,912
"1536","Traffic Zone 222420000","1130","Traffic Zone 224090000","11/6/2019 - 11/6/2019, Every day, Daily Average",1221,809,1841
"1536","Traffic Zone 222420000","1131","Traffic Zone 224080000","11/6/2019 - 11/6/2019, Every day, Daily Average",1049,711,1546
"1536","Traffic Zone 222420000","1132","Traffic Zone 222831000","11/6/2019 - 11/6/2019, Every day, Daily Average",570,387,839
"1536","Traffic Zone 222420000","1133","Traffic Zone 224100000","11/6/2019 - 11/6/2019, Every day, Daily Average",769,528,1119
"1536","Traffic Zone 222420000","1134","Traffic Zone 222670000","11/6/2019 - 11/6/2019, Every day, Daily Average",584,332,1026
"1536","Traffic Zone 222420000","1135","Traffic Zone 222641000","11/6/2019 - 11/6/2019, Every day, Daily Average",532,295,956
"1536","Traffic Zone 222420000","1136","Traffic Zone 254110000","11/6/2019 - 11/6/2019, Every day, Daily Average",1190,839,1686
"1536","Traffic Zone 222420000","1137","Traffic Zone 254080000","11/6/2019 - 11/6/2019, Every day, Daily Average",1007,722,1403
"1536","Traffic Zone 222420000","1138","Traffic Zone 222942000","11/6/2019 - 11/6/2019, Every day, Daily Average",751,531,1060
"1536","Traffic Zone 222420000","1139","Traffic Zone 222920000","11/6/2019 - 11/6/2019, Every day, Daily Average",696,489,990
"1536","Traffic Zone 222420000","1140","Traffic Zone 222860000","11/6/2019 - 11/6/2019, Every day, Daily Average",604,415,878
"1536","Traffic Zone 222420000","1141","Traffic Zone 254300000","11/6/2019 - 11/6/2019, Every day, Daily Average",1282,965,1701
"1536","Traffic Zone 222420000","1142","Traffic Zone 224070000","11/6/2019 - 11/6/2019, Every day, Daily Average",957,663,1380
"1536","Traffic Zone 222420000","1143","Traffic Zone 222642000","11/6/2019 - 11/6/2019, Every day, Daily Average",502,292,862
"1536","Traffic Zone 222420000","1144","Traffic Zone 254120000","11/6/2019 - 11/6/2019, Every day, Daily Average",1193,805,1766
"1536","Traffic Zone 222420000","1145","Traffic Zone 254310000","11/6/2019 - 11/6/2019, Every day, Daily Average",1187,874,1611
"1536","Traffic Zone 222420000","1146","Traffic Zone 222871000","11/6/2019 - 11/6/2019, Every day, Daily Average",721,501,1037
"1536","Traffic Zone 222420000","1147","Traffic Zone 222821000","11/6/2019 - 11/6/2019, Every day, Daily Average",804,488,1322
"1536","Traffic Zone 222420000","1148","Traffic Zone 253290000","11/6/2019 - 11/6/2019, Every day, Daily Average",929,579,1490
"1536","Traffic Zone 222420000","1149","Traffic Zone 253280000","11/6/2019 - 11/6/2019, Every day, Daily Average",1012,677,1511
"1536","Traffic Zone 222420000","1150","Traffic Zone 222910000","11/6/2019 - 11/6/2019, Every day, Daily Average",928,676,1273
"1536","Traffic Zone 222420000","1151","Traffic Zone 222822000","11/6/2019 - 11/6/2019, Every day, Daily Average",765,494,1183
"1536","Traffic Zone 222420000","1152","Traffic Zone 222702000","11/6/2019 - 11/6/2019, Every day, Daily Average",739,424,1286
"1536","Traffic Zone 222420000","1153","Traffic Zone 224260000","11/6/2019 - 11/6/2019, Every day, Daily Average",905,677,1208
"1536","Traffic Zone 222420000","1154","Traffic Zone 224200000","11/6/2019 - 11/6/2019, Every day, Daily Average",1123,829,1521
"1536","Traffic Zone 222420000","1155","Traffic Zone 222600000","11/6/2019 - 11/6/2019, Every day, Daily Average",241,128,452
"1536","Traffic Zone 222420000","1156","Traffic Zone 253500000","11/6/2019 - 11/6/2019, Every day, Daily Average",1053,694,1597
"1536","Traffic Zone 222420000","1157","Traffic Zone 253520000","11/6/2019 - 11/6/2019, Every day, Daily Average",954,691,1315
"1536","Traffic Zone 222420000","1158","Traffic Zone 253510200","11/6/2019 - 11/6/2019, Every day, Daily Average",804,671,962
"1536","Traffic Zone 222420000","1159","Traffic Zone 222600001","11/6/2019 - 11/6/2019, Every day, Daily Average",227,106,486
"1536","Traffic Zone 222420000","1160","Traffic Zone 222872000","11/6/2019 - 11/6/2019, Every day, Daily Average",985,623,1555
"1536","Traffic Zone 222420000","1162","Traffic Zone 253510100","11/6/2019 - 11/6/2019, Every day, Daily Average",1043,757,1435
"1536","Traffic Zone 222420000","1163","Traffic Zone 254070000","11/6/2019 - 11/6/2019, Every day, Daily Average",791,576,1085
"1536","Traffic Zone 222420000","1164","Traffic Zone 224230000","11/6/2019 - 11/6/2019, Every day, Daily Average",979,704,1361
"1536","Traffic Zone 222420000","1165","Traffic Zone 222701000","11/6/2019 - 11/6/2019, Every day, Daily Average",517,284,940
"1536","Traffic Zone 222420000","1167","Traffic Zone 222810000","11/6/2019 - 11/6/2019, Every day, Daily Average",578,355,939
"1536","Traffic Zone 222420000","1168","Traffic Zone 222600002","11/6/2019 - 11/6/2019, Every day, Daily Average",253,134,474
"1536","Traffic Zone 222420000","1169","Traffic Zone 254130000","11/6/2019 - 11/6/2019, Every day, Daily Average",1093,789,1513
"1536","Traffic Zone 222420000","1170","Traffic Zone 220630000","11/6/2019 - 11/6/2019, Every day, Daily Average",681,460,1007
"1536","Traffic Zone 222420000","1171","Traffic Zone 224270000","11/6/2019 - 11/6/2019, Every day, Daily Average",892,671,1185
"1536","Traffic Zone 222420000","1172","Traffic Zone 222880000","11/6/2019 - 11/6/2019, Every day, Daily Average",807,474,1373
"1536","Traffic Zone 222420000","1173","Traffic Zone 222890000","11/6/2019 - 11/6/2019, Every day, Daily Average",802,509,1263
"1536","Traffic Zone 222420000","1174","Traffic Zone 220620000","11/6/2019 - 11/6/2019, Every day, Daily Average",716,471,1087
"1536","Traffic Zone 222420000","1175","Traffic Zone 220740000","11/6/2019 - 11/6/2019, Every day, Daily Average",591,352,991
"1536","Traffic Zone 222420000","1176","Traffic Zone 253270000","11/6/2019 - 11/6/2019, Every day, Daily Average",1184,716,1955
"1536","Traffic Zone 222420000","1177","Traffic Zone 253300000","11/6/2019 - 11/6/2019, Every day, Daily Average",1147,728,1804
"1536","Traffic Zone 222420000","1178","Traffic Zone 254270000","11/6/2019 - 11/6/2019, Every day, Daily Average",1210,842,1738
"1536","Traffic Zone 222420000","1179","Traffic Zone 224220000","11/6/2019 - 11/6/2019, Every day, Daily Average",1175,827,1669
"1536","Traffic Zone 222420000","1180","Traffic Zone 254250100","11/6/2019 - 11/6/2019, Every day, Daily Average",1535,1145,2056
"1536","Traffic Zone 222420000","1181","Traffic Zone 253490000","11/6/2019 - 11/6/2019, Every day, Daily Average",1124,830,1521
"1536","Traffic Zone 222420000","1182","Traffic Zone 253530000","11/6/2019 - 11/6/2019, Every day, Daily Average",1057,844,1322
"1536","Traffic Zone 222420000","1185","Traffic Zone 224310000","11/6/2019 - 11/6/2019, Every day, Daily Average",834,668,1039
"1536","Traffic Zone 222420000","1186","Traffic Zone 253240003","11/6/2019 - 11/6/2019, Every day, Daily Average",702,443,1111
"1536","Traffic Zone 222420000","1187","Traffic Zone 254060000","11/6/2019 - 11/6/2019, Every day, Daily Average",853,612,1188
"1536","Traffic Zone 222420000","1188","Traffic Zone 224300000","11/6/2019 - 11/6/2019, Every day, Daily Average",1052,753,1468
"1536","Traffic Zone 222420000","1189","Traffic Zone 254140000","11/6/2019 - 11/6/2019, Every day, Daily Average",1436,1056,1951
"1536","Traffic Zone 222420000","1190","Traffic Zone 253260300","11/6/2019 - 11/6/2019, Every day, Daily Average",1112,714,1730
"1536","Traffic Zone 222420000","1191","Traffic Zone 253540000","11/6/2019 - 11/6/2019, Every day, Daily Average",1121,878,1430
"1536","Traffic Zone 222420000","1192","Traffic Zone 253310300","11/6/2019 - 11/6/2019, Every day, Daily Average",974,787,1203
"1536","Traffic Zone 222420000","1193","Traffic Zone 253260400","11/6/2019 - 11/6/2019, Every day, Daily Average",1112,734,1682
"1536","Traffic Zone 222420000","1194","Traffic Zone 254150000","11/6/2019 - 11/6/2019, Every day, Daily Average",1250,906,1723
"1536","Traffic Zone 222420000","1195","Traffic Zone 254040000","11/6/2019 - 11/6/2019, Every day, Daily Average",1145,812,1614
"1536","Traffic Zone 222420000","1197","Traffic Zone 220605001","11/6/2019 - 11/6/2019, Every day, Daily Average",365,218,610
"1536","Traffic Zone 222420000","1199","Traffic Zone 253480300","11/6/2019 - 11/6/2019, Every day, Daily Average",1331,929,1906
"1536","Traffic Zone 222420000","1200","Traffic Zone 220603000","11/6/2019 - 11/6/2019, Every day, Daily Average",636,363,1112
"1536","Traffic Zone 222420000","1202","Traffic Zone 220605000","11/6/2019 - 11/6/2019, Every day, Daily Average",406,223,736
"1536","Traffic Zone 222420000","1204","Traffic Zone 253480400","11/6/2019 - 11/6/2019, Every day, Daily Average",1211,1010,1451
"1536","Traffic Zone 222420000","1205","Traffic Zone 220604000","11/6/2019 - 11/6/2019, Every day, Daily Average",792,518,1209
"1536","Traffic Zone 222420000","1206","Traffic Zone 220602000","11/6/2019 - 11/6/2019, Every day, Daily Average",708,441,1135
"1536","Traffic Zone 222420000","1207","Traffic Zone 253260500","11/6/2019 - 11/6/2019, Every day, Daily Average",1391,892,2168
"1536","Traffic Zone 222420000","1210","Traffic Zone 254320200","11/6/2019 - 11/6/2019, Every day, Daily Average",1338,940,1903
"1536","Traffic Zone 222420000","1212","Traffic Zone 254160300","11/6/2019 - 11/6/2019, Every day, Daily Average",1381,1039,1833
"1536","Traffic Zone 222420000","1215","Traffic Zone 253480200","11/6/2019 - 11/6/2019, Every day, Daily Average",1403,892,2206
"1536","Traffic Zone 222420000","1216","Traffic Zone 253250000","11/6/2019 - 11/6/2019, Every day, Daily Average",1124,754,1673
"1536","Traffic Zone 222420000","1217","Traffic Zone 253260600","11/6/2019 - 11/6/2019, Every day, Daily Average",1331,775,2284
"1536","Traffic Zone 222420000","1218","Traffic Zone 254050100","11/6/2019 - 11/6/2019, Every day, Daily Average",950,663,1360
"1536","Traffic Zone 222420000","1219","Traffic Zone 254030000","11/6/2019 - 11/6/2019, Every day, Daily Average",1153,828,1605
"1536","Traffic Zone 222420000","1221","Traffic Zone 253310600","11/6/2019 - 11/6/2019, Every day, Daily Average",1273,745,2172
"1536","Traffic Zone 222420000","1222","Traffic Zone 253240002","11/6/2019 - 11/6/2019, Every day, Daily Average",770,486,1218
"1536","Traffic Zone 222420000","1223","Traffic Zone 253240000","11/6/2019 - 11/6/2019, Every day, Daily Average",1001,673,1487
"1536","Traffic Zone 222420000","1225","Traffic Zone 253310500","11/6/2019 - 11/6/2019, Every day, Daily Average",1235,793,1922
"1536","Traffic Zone 222420000","1226","Traffic Zone 220350000","11/6/2019 - 11/6/2019, Every day, Daily Average",599,363,986
"1536","Traffic Zone 222420000","1228","Traffic Zone 253310700","11/6/2019 - 11/6/2019, Every day, Daily Average",1609,920,2813
"1536","Traffic Zone 222420000","1229","Traffic Zone 220460000","11/6/2019 - 11/6/2019, Every day, Daily Average",472,275,808
"1536","Traffic Zone 222420000","1232","Traffic Zone 254050200","11/6/2019 - 11/6/2019, Every day, Daily Average",1178,738,1878
"1536","Traffic Zone 222420000","1234","Traffic Zone 220441000","11/6/2019 - 11/6/2019, Every day, Daily Average",485,300,781
"1536","Traffic Zone 222420000","1235","Traffic Zone 220511000","11/6/2019 - 11/6/2019, Every day, Daily Average",983,574,1683
"1536","Traffic Zone 222420000","1236","Traffic Zone 254240200","11/6/2019 - 11/6/2019, Every day, Daily Average",1428,991,2056
"1536","Traffic Zone 222420000","1239","Traffic Zone 220470000","11/6/2019 - 11/6/2019, Every day, Daily Average",433,259,723
"1536","Traffic Zone 222420000","1240","Traffic Zone 220512000","11/6/2019 - 11/6/2019, Every day, Daily Average",705,439,1130
"1536","Traffic Zone 222420000","1241","Traffic Zone 220442000","11/6/2019 - 11/6/2019, Every day, Daily Average",725,402,1305
"1536","Traffic Zone 222420000","1247","Traffic Zone 253320100","11/6/2019 - 11/6/2019, Every day, Daily Average",1250,868,1799
"1536","Traffic Zone 222420000","1249","Traffic Zone 220360000","11/6/2019 - 11/6/2019, Every day, Daily Average",624,384,1012
"1536","Traffic Zone 222420000","1250","Traffic Zone 220430000","11/6/2019 - 11/6/2019, Every day, Daily Average",890,506,1563
"1536","Traffic Zone 222420000","1251","Traffic Zone 220330001","11/6/2019 - 11/6/2019, Every day, Daily Average",846,568,1259
"1536","Traffic Zone 222420000","1252","Traffic Zone 254020200","11/6/2019 - 11/6/2019, Every day, Daily Average",1041,871,1243
"1536","Traffic Zone 222420000","1254","Traffic Zone 220482000","11/6/2019 - 11/6/2019, Every day, Daily Average",444,277,710
"1536","Traffic Zone 222420000","1255","Traffic Zone 254020300","11/6/2019 - 11/6/2019, Every day, Daily Average",955,795,1146
"1536","Traffic Zone 222420000","1257","Traffic Zone 220420000","11/6/2019 - 11/6/2019, Every day, Daily Average",881,494,1568
"1536","Traffic Zone 222420000","1260","Traffic Zone 220330000","11/6/2019 - 11/6/2019, Every day, Daily Average",915,650,1287
"1536","Traffic Zone 222420000","1261","Traffic Zone 254170000","11/6/2019 - 11/6/2019, Every day, Daily Average",1123,738,1707
"1536","Traffic Zone 222420000","1262","Traffic Zone 220481000","11/6/2019 - 11/6/2019, Every day, Daily Average",521,316,857
"1536","Traffic Zone 222420000","1263","Traffic Zone 253330000","11/6/2019 - 11/6/2019, Every day, Daily Average",1122,767,1641
"1536","Traffic Zone 222420000","1264","Traffic Zone 220372000","11/6/2019 - 11/6/2019, Every day, Daily Average",804,489,1320
"1536","Traffic Zone 222420000","1265","Traffic Zone 220412000","11/6/2019 - 11/6/2019, Every day, Daily Average",697,409,1186
"1536","Traffic Zone 222420000","1266","Traffic Zone 253350100","11/6/2019 - 11/6/2019, Every day, Daily Average",1008,774,1311
"1536","Traffic Zone 222420000","1267","Traffic Zone 220371000","11/6/2019 - 11/6/2019, Every day, Daily Average",825,500,1358
"1536","Traffic Zone 222420000","1269","Traffic Zone 254220000","11/6/2019 - 11/6/2019, Every day, Daily Average",1461,1001,2131
"1536","Traffic Zone 222420000","1271","Traffic Zone 220411000","11/6/2019 - 11/6/2019, Every day, Daily Average",768,446,1321
"1536","Traffic Zone 222420000","1272","Traffic Zone 220320000","11/6/2019 - 11/6/2019, Every day, Daily Average",669,421,1062
"1536","Traffic Zone 222420000","1274","Traffic Zone 220492000","11/6/2019 - 11/6/2019, Every day, Daily Average",499,311,799
"1536","Traffic Zone 222420000","1276","Traffic Zone 220310000","11/6/2019 - 11/6/2019, Every day, Daily Average",734,452,1190
"1536","Traffic Zone 222420000","1278","Traffic Zone 220491000","11/6/2019 - 11/6/2019, Every day, Daily Average",646,514,811
"1536","Traffic Zone 222420000","1279","Traffic Zone 254180100","11/6/2019 - 11/6/2019, Every day, Daily Average",1241,821,1874
"1536","Traffic Zone 222420000","1280","Traffic Zone 220380000","11/6/2019 - 11/6/2019, Every day, Daily Average",897,534,1506
"1536","Traffic Zone 222420000","1282","Traffic Zone 253340200","11/6/2019 - 11/6/2019, Every day, Daily Average",868,634,1186
"1536","Traffic Zone 222420000","1285","Traffic Zone 220390000","11/6/2019 - 11/6/2019, Every day, Daily Average",553,343,889
"1536","Traffic Zone 222420000","1287","Traffic Zone 254210100","11/6/2019 - 11/6/2019, Every day, Daily Average",1368,925,2022
"1536","Traffic Zone 222420000","1288","Traffic Zone 254210200","11/6/2019 - 11/6/2019, Every day, Daily Average",1406,960,2058
"1536","Traffic Zone 222420000","1290","Traffic Zone 253600000","11/6/2019 - 11/6/2019, Every day, Daily Average",1379,1026,1852
"1536","Traffic Zone 222420000","1294","Traffic Zone 253240001","11/6/2019 - 11/6/2019, Every day, Daily Average",879,555,1391
"1536","Traffic Zone 222420000","1295","Traffic Zone 253110100","11/6/2019 - 11/6/2019, Every day, Daily Average",575,358,922
"1536","Traffic Zone 222420000","1296","Traffic Zone 253090100","11/6/2019 - 11/6/2019, Every day, Daily Average",933,605,1437
"1536","Traffic Zone 222420000","1297","Traffic Zone 254180200","11/6/2019 - 11/6/2019, Every day, Daily Average",1318,889,1953
"1536","Traffic Zone 222420000","1299","Traffic Zone 253080100","11/6/2019 - 11/6/2019, Every day, Daily Average",740,464,1179
"1536","Traffic Zone 222420000","1300","Traffic Zone 253340300","11/6/2019 - 11/6/2019, Every day, Daily Average",1049,624,1763
"1536","Traffic Zone 222420000","1301","Traffic Zone 253120200","11/6/2019 - 11/6/2019, Every day, Daily Average",925,670,1275
"1536","Traffic Zone 222420000","1302","Traffic Zone 253120100","11/6/2019 - 11/6/2019, Every day, Daily Average",589,371,934
"1536","Traffic Zone 222420000","1303","Traffic Zone 253130200","11/6/2019 - 11/6/2019, Every day, Daily Average",563,354,894
"1536","Traffic Zone 222420000","1305","Traffic Zone 254000000","11/6/2019 - 11/6/2019, Every day, Daily Average",1286,847,1951
"1536","Traffic Zone 222420000","1307","Traffic Zone 253130100","11/6/2019 - 11/6/2019, Every day, Daily Average",880,580,1333
"1536","Traffic Zone 222420000","1310","Traffic Zone 253610100","11/6/2019 - 11/6/2019, Every day, Daily Average",1286,848,1949
"1536","Traffic Zone 222420000","1311","Traffic Zone 253080200","11/6/2019 - 11/6/2019, Every day, Daily Average",768,483,1219
"1536","Traffic Zone 222420000","1313","Traffic Zone 253110200","11/6/2019 - 11/6/2019, Every day, Daily Average",602,373,970
"1536","Traffic Zone 222420000","1314","Traffic Zone 253070000","11/6/2019 - 11/6/2019, Every day, Daily Average",793,501,1255
"1536","Traffic Zone 222420000","1317","Traffic Zone 253230200","11/6/2019 - 11/6/2019, Every day, Daily Average",704,439,1126
"1536","Traffic Zone 222420000","1319","Traffic Zone 253060100","11/6/2019 - 11/6/2019, Every day, Daily Average",788,501,1238
"1536","Traffic Zone 222420000","1320","Traffic Zone 253370300","11/6/2019 - 11/6/2019, Every day, Daily Average",1005,629,1603
"1536","Traffic Zone 222420000","1321","Traffic Zone 253100000","11/6/2019 - 11/6/2019, Every day, Daily Average",676,412,1108
"1536","Traffic Zone 222420000","1322","Traffic Zone 253150100","11/6/2019 - 11/6/2019, Every day, Daily Average",688,428,1105
"1536","Traffic Zone 222420000","1323","Traffic Zone 253230400","11/6/2019 - 11/6/2019, Every day, Daily Average",992,615,1600
"1536","Traffic Zone 222420000","1324","Traffic Zone 253060200","11/6/2019 - 11/6/2019, Every day, Daily Average",821,520,1294
"1536","Traffic Zone 222420000","1325","Traffic Zone 253150200","11/6/2019 - 11/6/2019, Every day, Daily Average",816,548,1214
"1536","Traffic Zone 222420000","1326","Traffic Zone 253380100","11/6/2019 - 11/6/2019, Every day, Daily Average",1066,684,1659
"1536","Traffic Zone 222420000","1328","Traffic Zone 253620000","11/6/2019 - 11/6/2019, Every day, Daily Average",1416,976,2054
"1536","Traffic Zone 222420000","1329","Traffic Zone 253610200","11/6/2019 - 11/6/2019, Every day, Daily Average",1195,783,1823
"1536","Traffic Zone 222420000","1330","Traffic Zone 253410100","11/6/2019 - 11/6/2019, Every day, Daily Average",1177,787,1758
"1536","Traffic Zone 222420000","1331","Traffic Zone 253050000","11/6/2019 - 11/6/2019, Every day, Daily Average",678,425,1080
"1536","Traffic Zone 222420000","1332","Traffic Zone 253160200","11/6/2019 - 11/6/2019, Every day, Daily Average",1211,782,1874
"1536","Traffic Zone 222420000","1337","Traffic Zone 253170200","11/6/2019 - 11/6/2019, Every day, Daily Average",1151,761,1739
"1536","Traffic Zone 222420000","1339","Traffic Zone 253230300","11/6/2019 - 11/6/2019, Every day, Daily Average",800,513,1245
"1536","Traffic Zone 222420000","1342","Traffic Zone 253030100","11/6/2019 - 11/6/2019, Every day, Daily Average",1265,800,1998
"1536","Traffic Zone 222420000","1343","Traffic Zone 253230301","11/6/2019 - 11/6/2019, Every day, Daily Average",1051,801,1377
"1536","Traffic Zone 222420000","1344","Traffic Zone 253040000","11/6/2019 - 11/6/2019, Every day, Daily Average",735,459,1175
"1536","Traffic Zone 222420000","1345","Traffic Zone 253170100","11/6/2019 - 11/6/2019, Every day, Daily Average",1098,833,1447
"1536","Traffic Zone 222420000","1346","Traffic Zone 253230401","11/6/2019 - 11/6/2019, Every day, Daily Average",970,603,1558
"1536","Traffic Zone 222420000","1347","Traffic Zone 253030200","11/6/2019 - 11/6/2019, Every day, Daily Average",800,489,1307
"1536","Traffic Zone 222420000","1349","Traffic Zone 253230302","11/6/2019 - 11/6/2019, Every day, Daily Average",1025,662,1584
"1536","Traffic Zone 222420000","1352","Traffic Zone 253180000","11/6/2019 - 11/6/2019, Every day, Daily Average",1084,851,1379
"1536","Traffic Zone 222420000","1353","Traffic Zone 253020200","11/6/2019 - 11/6/2019, Every day, Daily Average",851,520,1392
"1536","Traffic Zone 222420000","1354","Traffic Zone 253230303","11/6/2019 - 11/6/2019, Every day, Daily Average",904,605,1349
"1536","Traffic Zone 222420000","1355","Traffic Zone 253230402","11/6/2019 - 11/6/2019, Every day, Daily Average",1050,655,1683
"1536","Traffic Zone 222420000","1356","Traffic Zone 253190200","11/6/2019 - 11/6/2019, Every day, Daily Average",1227,923,1630
"1536","Traffic Zone 222420000","1357","Traffic Zone 253020400","11/6/2019 - 11/6/2019, Every day, Daily Average",1264,840,1900
"1536","Traffic Zone 222420000","1358","Traffic Zone 253020300","11/6/2019 - 11/6/2019, Every day, Daily Average",825,523,1299
"1536","Traffic Zone 222420000","1359","Traffic Zone 253200100","11/6/2019 - 11/6/2019, Every day, Daily Average",1163,911,1483
"1536","Traffic Zone 222420000","1360","Traffic Zone 253220000","11/6/2019 - 11/6/2019, Every day, Daily Average",1122,808,1556
"1536","Traffic Zone 222420000","1362","Traffic Zone 253000500","11/6/2019 - 11/6/2019, Every day, Daily Average",852,542,1338
"1536","Traffic Zone 222420000","1363","Traffic Zone 253010200","11/6/2019 - 11/6/2019, Every day, Daily Average",1536,1063,2218
"1536","Traffic Zone 222420000","1364","Traffic Zone 253000600","11/6/2019 - 11/6/2019, Every day, Daily Average",1504,934,2420
"1536","Traffic Zone 222420000","1367","Traffic Zone 253010100","11/6/2019 - 11/6/2019, Every day, Daily Average",1729,1089,2743
"1536","Traffic Zone 222420000","1368","Traffic Zone 253000300","11/6/2019 - 11/6/2019, Every day, Daily Average",983,642,1504
"1536","Traffic Zone 222420000","1369","Traffic Zone 253000400","11/6/2019 - 11/6/2019, Every day, Daily Average",1139,801,1617
"1536","Traffic Zone 222420000","1370","Traffic Zone 255370200","11/6/2019 - 11/6/2019, Every day, Daily Average",1362,921,2013
"1536","Traffic Zone 222420000","1371","Traffic Zone 255370100","11/6/2019 - 11/6/2019, Every day, Daily Average",1371,930,2019
"1536","Traffic Zone 222420000","1374","Traffic Zone 255360100","11/6/2019 - 11/6/2019, Every day, Daily Average",1403,982,2004
"1536","Traffic Zone 222420000","1375","Traffic Zone 255360200","11/6/2019 - 11/6/2019, Every day, Daily Average",1487,1018,2171
"1536","Traffic Zone 222420000","1379","Traffic Zone 255350100","11/6/2019 - 11/6/2019, Every day, Daily Average",1553,1077,2238
"1536","Traffic Zone 222420000","1383","Traffic Zone 255340000","11/6/2019 - 11/6/2019, Every day, Daily Average",1584,1100,2280
"1536","Traffic Zone 222420000","1384","Traffic Zone 255430000","11/6/2019 - 11/6/2019, Every day, Daily Average",1862,1360,2548
"1536","Traffic Zone 222420000","1385","Traffic Zone 255170000","11/6/2019 - 11/6/2019, Every day, Daily Average",1592,1111,2280
"1536","Traffic Zone 222420000","1388","Traffic Zone 255440300","11/6/2019 - 11/6/2019, Every day, Daily Average",1930,1391,2677
"1536","Traffic Zone 222420000","1395","Traffic Zone 255070000","11/6/2019 - 11/6/2019, Every day, Daily Average",1160,716,1877
"1536","Traffic Zone 222420000","1396","Traffic Zone 255440400","11/6/2019 - 11/6/2019, Every day, Daily Average",1958,1418,2702
"1536","Traffic Zone 222420000","1399","Traffic Zone 255180000","11/6/2019 - 11/6/2019, Every day, Daily Average",1664,1157,2391
"1536","Traffic Zone 222420000","1405","Traffic Zone 255060000","11/6/2019 - 11/6/2019, Every day, Daily Average",1215,756,1951
"1536","Traffic Zone 222420000","1407","Traffic Zone 255440100","11/6/2019 - 11/6/2019, Every day, Daily Average",2005,1461,2750
"1536","Traffic Zone 222420000","1410","Traffic Zone 250250000","11/6/2019 - 11/6/2019, Every day, Daily Average",1282,935,1757
"1536","Traffic Zone 222420000","1411","Traffic Zone 255452101","11/6/2019 - 11/6/2019, Every day, Daily Average",1824,1227,2711
"1536","Traffic Zone 222420000","1412","Traffic Zone 255190000","11/6/2019 - 11/6/2019, Every day, Daily Average",1712,1133,2584
"1536","Traffic Zone 222420000","1413","Traffic Zone 255050000","11/6/2019 - 11/6/2019, Every day, Daily Average",1297,814,2064
"1536","Traffic Zone 222420000","1414","Traffic Zone 255300000","11/6/2019 - 11/6/2019, Every day, Daily Average",1825,1197,2780
"1536","Traffic Zone 222420000","1415","Traffic Zone 255452102","11/6/2019 - 11/6/2019, Every day, Daily Average",1902,1309,2762
"1536","Traffic Zone 222420000","1417","Traffic Zone 255030000","11/6/2019 - 11/6/2019, Every day, Daily Average",1460,936,2275
"1536","Traffic Zone 222420000","1418","Traffic Zone 255040000","11/6/2019 - 11/6/2019, Every day, Daily Average",1382,883,2162
"1536","Traffic Zone 222420000","1420","Traffic Zone 255452100","11/6/2019 - 11/6/2019, Every day, Daily Average",1909,1449,2514
"1536","Traffic Zone 222420000","1422","Traffic Zone 255452103","11/6/2019 - 11/6/2019, Every day, Daily Average",2008,1406,2865
"1536","Traffic Zone 222420000","1424","Traffic Zone 255452200","11/6/2019 - 11/6/2019, Every day, Daily Average",2045,1361,3071
"1536","Traffic Zone 222420000","1425","Traffic Zone 255500100","11/6/2019 - 11/6/2019, Every day, Daily Average",2190,1456,3292
"1536","Traffic Zone 222420000","1429","Traffic Zone 255020000","11/6/2019 - 11/6/2019, Every day, Daily Average",1447,940,2225
"1536","Traffic Zone 222420000","1430","Traffic Zone 255500200","11/6/2019 - 11/6/2019, Every day, Daily Average",2226,1484,3338
"1536","Traffic Zone 222420000","1434","Traffic Zone 250280001","11/6/2019 - 11/6/2019, Every day, Daily Average",1217,870,1701
"1536","Traffic Zone 222420000","1437","Traffic Zone 255480100","11/6/2019 - 11/6/2019, Every day, Daily Average",1934,1384,2701
"1536","Traffic Zone 222420000","1442","Traffic Zone 250230100","11/6/2019 - 11/6/2019, Every day, Daily Average",1289,956,1737
"1536","Traffic Zone 222420000","1443","Traffic Zone 255521100","11/6/2019 - 11/6/2019, Every day, Daily Average",2069,1361,3144
"1536","Traffic Zone 222420000","1447","Traffic Zone 250270000","11/6/2019 - 11/6/2019, Every day, Daily Average",1326,971,1810
"1536","Traffic Zone 222420000","1449","Traffic Zone 255010000","11/6/2019 - 11/6/2019, Every day, Daily Average",1486,968,2280
"1536","Traffic Zone 222420000","1452","Traffic Zone 255451400","11/6/2019 - 11/6/2019, Every day, Daily Average",2022,1453,2813
"1536","Traffic Zone 222420000","1453","Traffic Zone 255220000","11/6/2019 - 11/6/2019, Every day, Daily Average",1534,1006,2337
"1536","Traffic Zone 222420000","1454","Traffic Zone 250220000","11/6/2019 - 11/6/2019, Every day, Daily Average",1326,1025,1714
"1536","Traffic Zone 222420000","1458","Traffic Zone 250280000","11/6/2019 - 11/6/2019, Every day, Daily Average",1460,1004,2121
"1536","Traffic Zone 222420000","1463","Traffic Zone 250040100","11/6/2019 - 11/6/2019, Every day, Daily Average",1294,975,1716
"1536","Traffic Zone 222420000","1465","Traffic Zone 250100000","11/6/2019 - 11/6/2019, Every day, Daily Average",1224,1058,1415
"1536","Traffic Zone 222420000","1466","Traffic Zone 250120000","11/6/2019 - 11/6/2019, Every day, Daily Average",1356,1025,1793
"1536","Traffic Zone 222420000","1468","Traffic Zone 255230000","11/6/2019 - 11/6/2019, Every day, Daily Average",1696,1242,2314
"1536","Traffic Zone 222420000","1470","Traffic Zone 255451700","11/6/2019 - 11/6/2019, Every day, Daily Average",1980,1508,2599
"1536","Traffic Zone 222420000","1471","Traffic Zone 255451200","11/6/2019 - 11/6/2019, Every day, Daily Average",2104,1502,2945
"1536","Traffic Zone 222420000","1473","Traffic Zone 255240000","11/6/2019 - 11/6/2019, Every day, Daily Average",1686,1091,2604
"1536","Traffic Zone 222420000","1479","Traffic Zone 250410201","11/6/2019 - 11/6/2019, Every day, Daily Average",1626,1093,2417
"1536","Traffic Zone 222420000","1484","Traffic Zone 255451800","11/6/2019 - 11/6/2019, Every day, Daily Average",1996,1523,2615
"1536","Traffic Zone 222420000","1486","Traffic Zone 250030000","11/6/2019 - 11/6/2019, Every day, Daily Average",1420,1036,1945
"1536","Traffic Zone 222420000","1487","Traffic Zone 250410200","11/6/2019 - 11/6/2019, Every day, Daily Average",1706,1151,2527
"1536","Traffic Zone 222420000","1491","Traffic Zone 250410100","11/6/2019 - 11/6/2019, Every day, Daily Average",2214,1459,3358
"1536","Traffic Zone 222420000","1498","Traffic Zone 250400200","11/6/2019 - 11/6/2019, Every day, Daily Average",2189,1461,3278
"1536","Traffic Zone 222420000","1501","Traffic Zone 250390200","11/6/2019 - 11/6/2019, Every day, Daily Average",1743,1184,2564
"1536","Traffic Zone 222420000","1502","Traffic Zone 250400100","11/6/2019 - 11/6/2019, Every day, Daily Average",2345,1555,3536
"1536","Traffic Zone 222420000","1520","Traffic Zone 222431000","11/6/2019 - 11/6/2019, Every day, Daily Average",186,91,377
"1536","Traffic Zone 222420000","1521","Traffic Zone 220981000","11/6/2019 - 11/6/2019, Every day, Daily Average",279,147,528
"1536","Traffic Zone 222420000","1522","Traffic Zone 220871000","11/6/2019 - 11/6/2019, Every day, Daily Average",800,498,1285
"1536","Traffic Zone 222420000","1523","Traffic Zone 220951000","11/6/2019 - 11/6/2019, Every day, Daily Average",425,245,734
"1536","Traffic Zone 222420000","1524","Traffic Zone 220872000","11/6/2019 - 11/6/2019, Every day, Daily Average",742,462,1190
"1536","Traffic Zone 222420000","1525","Traffic Zone 220940100","11/6/2019 - 11/6/2019, Every day, Daily Average",582,335,1008
"1536","Traffic Zone 222420000","1526","Traffic Zone 220861000","11/6/2019 - 11/6/2019, Every day, Daily Average",776,521,1153
"1536","Traffic Zone 222420000","1527","Traffic Zone 222432000","11/6/2019 - 11/6/2019, Every day, Daily Average",116,46,286
"1536","Traffic Zone 222420000","1528","Traffic Zone 222441000","11/6/2019 - 11/6/2019, Every day, Daily Average",182,77,424
"1536","Traffic Zone 222420000","1529","Traffic Zone 222470000","11/6/2019 - 11/6/2019, Every day, Daily Average",308,178,530
"1536","Traffic Zone 222420000","1530","Traffic Zone 220982000","11/6/2019 - 11/6/2019, Every day, Daily Average",178,84,374
"1536","Traffic Zone 222420000","1531","Traffic Zone 222442000","11/6/2019 - 11/6/2019, Every day, Daily Average",93,41,208
"1536","Traffic Zone 222420000","1532","Traffic Zone 220862000","11/6/2019 - 11/6/2019, Every day, Daily Average",795,514,1229
"1536","Traffic Zone 222420000","1533","Traffic Zone 220880000","11/6/2019 - 11/6/2019, Every day, Daily Average",686,411,1144
"1536","Traffic Zone 222420000","1534","Traffic Zone 220940200","11/6/2019 - 11/6/2019, Every day, Daily Average",560,339,924
"1536","Traffic Zone 222420000","1535","Traffic Zone 220952000","11/6/2019 - 11/6/2019, Every day, Daily Average",340,187,616
"1536","Traffic Zone 222420000","1536","Traffic Zone 222420000","11/6/2019 - 11/6/2019, Every day, Daily Average",131,36,465
"1536","Traffic Zone 222420000","1537","Traffic Zone 220940300","11/6/2019 - 11/6/2019, Every day, Daily Average",515,298,887
"1536","Traffic Zone 222420000","1538","Traffic Zone 220890300","11/6/2019 - 11/6/2019, Every day, Daily Average",676,419,1089
"1536","Traffic Zone 222420000","1539","Traffic Zone 222460000","11/6/2019 - 11/6/2019, Every day, Daily Average",153,74,313
"1536","Traffic Zone 222420000","1540","Traffic Zone 220850000","11/6/2019 - 11/6/2019, Every day, Daily Average",636,384,1051
"1536","Traffic Zone 222420000","1541","Traffic Zone 220890200","11/6/2019 - 11/6/2019, Every day, Daily Average",636,380,1061
"1536","Traffic Zone 222420000","1542","Traffic Zone 221001000","11/6/2019 - 11/6/2019, Every day, Daily Average",114,45,283
"1536","Traffic Zone 222420000","1543","Traffic Zone 220890400","11/6/2019 - 11/6/2019, Every day, Daily Average",703,390,1265
"1536","Traffic Zone 222420000","1544","Traffic Zone 222402000","11/6/2019 - 11/6/2019, Every day, Daily Average",244,91,650
"1536","Traffic Zone 222420000","1545","Traffic Zone 220771000","11/6/2019 - 11/6/2019, Every day, Daily Average",122,55,269
"1536","Traffic Zone 222420000","1546","Traffic Zone 220930000","11/6/2019 - 11/6/2019, Every day, Daily Average",252,112,565
"1536","Traffic Zone 222420000","1547","Traffic Zone 220840000","11/6/2019 - 11/6/2019, Every day, Daily Average",605,350,1044
"1536","Traffic Zone 222420000","1548","Traffic Zone 220910200","11/6/2019 - 11/6/2019, Every day, Daily Average",535,350,817
"1536","Traffic Zone 222420000","1549","Traffic Zone 222401000","11/6/2019 - 11/6/2019, Every day, Daily Average",105,42,257
"1536","Traffic Zone 222420000","1550","Traffic Zone 220910100","11/6/2019 - 11/6/2019, Every day, Daily Average",535,300,950
"1536","Traffic Zone 222420000","1551","Traffic Zone 220771004","11/6/2019 - 11/6/2019, Every day, Daily Average",212,107,416
"1536","Traffic Zone 222420000","1552","Traffic Zone 220790001","11/6/2019 - 11/6/2019, Every day, Daily Average",249,125,492
"1536","Traffic Zone 222420000","1553","Traffic Zone 220920001","11/6/2019 - 11/6/2019, Every day, Daily Average",280,132,592
"1536","Traffic Zone 222420000","1554","Traffic Zone 222401001","11/6/2019 - 11/6/2019, Every day, Daily Average",158,72,342
"1536","Traffic Zone 222420000","1555","Traffic Zone 220830000","11/6/2019 - 11/6/2019, Every day, Daily Average",360,186,694
"1536","Traffic Zone 222420000","1556","Traffic Zone 220920000","11/6/2019 - 11/6/2019, Every day, Daily Average",313,160,609
"1536","Traffic Zone 222420000","1557","Traffic Zone 220771003","11/6/2019 - 11/6/2019, Every day, Daily Average",277,139,549
"1536","Traffic Zone 222420000","1558","Traffic Zone 220771001","11/6/2019 - 11/6/2019, Every day, Daily Average",440,275,701
"1536","Traffic Zone 222420000","1559","Traffic Zone 220790000","11/6/2019 - 11/6/2019, Every day, Daily Average",408,245,677
"1536","Traffic Zone 222420000","1560","Traffic Zone 220800000","11/6/2019 - 11/6/2019, Every day, Daily Average",391,206,740
"1536","Traffic Zone 222420000","1561","Traffic Zone 220771002","11/6/2019 - 11/6/2019, Every day, Daily Average",450,243,832
"1536","Traffic Zone 222420000","1562","Traffic Zone 220750000","11/6/2019 - 11/6/2019, Every day, Daily Average",342,176,661
"1536","Traffic Zone 222420000","1563","Traffic Zone 220730001","11/6/2019 - 11/6/2019, Every day, Daily Average",514,329,802
"1536","Traffic Zone 222420000","1564","Traffic Zone 220750001","11/6/2019 - 11/6/2019, Every day, Daily Average",355,181,695
"1536","Traffic Zone 222420000","1565","Traffic Zone 220730002","11/6/2019 - 11/6/2019, Every day, Daily Average",582,358,944
"1536","Traffic Zone 222420000","1566","Traffic Zone 220740001","11/6/2019 - 11/6/2019, Every day, Daily Average",407,218,756
"1536","Traffic Zone 222420000","1567","Traffic Zone 220750002","11/6/2019 - 11/6/2019, Every day, Daily Average",544,327,903
"1536","Traffic Zone 222420000","1568","Traffic Zone 220730000","11/6/2019 - 11/6/2019, Every day, Daily Average",601,366,985
"1536","Traffic Zone 222420000","1569","Traffic Zone 220740002","11/6/2019 - 11/6/2019, Every day, Daily Average",475,278,810
"1536","Traffic Zone 222420000","1570","Traffic Zone 220740003","11/6/2019 - 11/6/2019, Every day, Daily Average",497,292,843
"1536","Traffic Zone 222420000","1571","Traffic Zone 230160200","11/6/2019 - 11/6/2019, Every day, Daily Average",1428,889,2293
"1536","Traffic Zone 222420000","1572","Traffic Zone 218820000","11/6/2019 - 11/6/2019, Every day, Daily Average",1195,737,1936
"1536","Traffic Zone 222420000","1575","Traffic Zone 230160102","11/6/2019 - 11/6/2019, Every day, Daily Average",1494,909,2454
"1536","Traffic Zone 222420000","1577","Traffic Zone 219530000","11/6/2019 - 11/6/2019, Every day, Daily Average",1235,852,1789
"1536","Traffic Zone 222420000","1579","Traffic Zone 219590000","11/6/2019 - 11/6/2019, Every day, Daily Average",656,413,1041
"1536","Traffic Zone 222420000","1580","Traffic Zone 219580200","11/6/2019 - 11/6/2019, Every day, Daily Average",629,388,1018
"1536","Traffic Zone 222420000","1581","Traffic Zone 219520000","11/6/2019 - 11/6/2019, Every day, Daily Average",1209,816,1790
"1536","Traffic Zone 222420000","1582","Traffic Zone 219580100","11/6/2019 - 11/6/2019, Every day, Daily Average",805,484,1337
"1536","Traffic Zone 222420000","1583","Traffic Zone 219540000","11/6/2019 - 11/6/2019, Every day, Daily Average",915,630,1327
"1536","Traffic Zone 222420000","1584","Traffic Zone 230170100","11/6/2019 - 11/6/2019, Every day, Daily Average",1807,1032,3163
"1536","Traffic Zone 222420000","1585","Traffic Zone 230120200","11/6/2019 - 11/6/2019, Every day, Daily Average",2034,1188,3481
"1536","Traffic Zone 222420000","1586","Traffic Zone 218810000","11/6/2019 - 11/6/2019, Every day, Daily Average",1093,713,1673
"1536","Traffic Zone 222420000","1587","Traffic Zone 230170200","11/6/2019 - 11/6/2019, Every day, Daily Average",1205,854,1700
"1536","Traffic Zone 222420000","1589","Traffic Zone 219571000","11/6/2019 - 11/6/2019, Every day, Daily Average",584,350,973
"1536","Traffic Zone 222420000","1590","Traffic Zone 219510000","11/6/2019 - 11/6/2019, Every day, Daily Average",1283,734,2241
"1536","Traffic Zone 222420000","1591","Traffic Zone 219560000","11/6/2019 - 11/6/2019, Every day, Daily Average",882,497,1564
"1536","Traffic Zone 222420000","1592","Traffic Zone 219550000","11/6/2019 - 11/6/2019, Every day, Daily Average",1081,642,1818
"1536","Traffic Zone 222420000","1593","Traffic Zone 219572000","11/6/2019 - 11/6/2019, Every day, Daily Average",581,331,1017
"1536","Traffic Zone 222420000","1594","Traffic Zone 218830000","11/6/2019 - 11/6/2019, Every day, Daily Average",1108,659,1862
"1536","Traffic Zone 222420000","1595","Traffic Zone 230230100","11/6/2019 - 11/6/2019, Every day, Daily Average",1570,1029,2395
"1536","Traffic Zone 222420000","1596","Traffic Zone 230230200","11/6/2019 - 11/6/2019, Every day, Daily Average",1477,959,2272
"1536","Traffic Zone 222420000","1598","Traffic Zone 230240001","11/6/2019 - 11/6/2019, Every day, Daily Average",1027,652,1617
"1536","Traffic Zone 222420000","1599","Traffic Zone 230120300","11/6/2019 - 11/6/2019, Every day, Daily Average",1461,1042,2048
"1536","Traffic Zone 222420000","1600","Traffic Zone 230180001","11/6/2019 - 11/6/2019, Every day, Daily Average",1559,1088,2232
"1536","Traffic Zone 222420000","1601","Traffic Zone 230180000","11/6/2019 - 11/6/2019, Every day, Daily Average",1698,1065,2705
"1536","Traffic Zone 222420000","1602","Traffic Zone 230120400","11/6/2019 - 11/6/2019, Every day, Daily Average",1770,1132,2765
"1536","Traffic Zone 222420000","1604","Traffic Zone 219750000","11/6/2019 - 11/6/2019, Every day, Daily Average",561,317,991
"1536","Traffic Zone 222420000","1605","Traffic Zone 230070200","11/6/2019 - 11/6/2019, Every day, Daily Average",2006,1426,2821
"1536","Traffic Zone 222420000","1606","Traffic Zone 219742000","11/6/2019 - 11/6/2019, Every day, Daily Average",1080,660,1767
"1536","Traffic Zone 222420000","1607","Traffic Zone 230040000","11/6/2019 - 11/6/2019, Every day, Daily Average",1691,1081,2644
"1536","Traffic Zone 222420000","1608","Traffic Zone 218730000","11/6/2019 - 11/6/2019, Every day, Daily Average",977,573,1665
"1536","Traffic Zone 222420000","1609","Traffic Zone 219741000","11/6/2019 - 11/6/2019, Every day, Daily Average",1352,673,2715
"1536","Traffic Zone 222420000","1610","Traffic Zone 219760000","11/6/2019 - 11/6/2019, Every day, Daily Average",444,234,841
"1536","Traffic Zone 222420000","1611","Traffic Zone 219730000","11/6/2019 - 11/6/2019, Every day, Daily Average",978,589,1621
"1536","Traffic Zone 222420000","1613","Traffic Zone 230200200","11/6/2019 - 11/6/2019, Every day, Daily Average",1304,1041,1633
"1536","Traffic Zone 222420000","1614","Traffic Zone 230250100","11/6/2019 - 11/6/2019, Every day, Daily Average",1927,1193,3111
"1536","Traffic Zone 222420000","1615","Traffic Zone 230220200","11/6/2019 - 11/6/2019, Every day, Daily Average",1924,1140,3245
"1536","Traffic Zone 222420000","1616","Traffic Zone 230220100","11/6/2019 - 11/6/2019, Every day, Daily Average",1753,1091,2814
"1536","Traffic Zone 222420000","1617","Traffic Zone 230250200","11/6/2019 - 11/6/2019, Every day, Daily Average",1567,894,2745
"1536","Traffic Zone 222420000","1618","Traffic Zone 219770000","11/6/2019 - 11/6/2019, Every day, Daily Average",477,245,928
"1536","Traffic Zone 222420000","1619","Traffic Zone 218720000","11/6/2019 - 11/6/2019, Every day, Daily Average",782,472,1293
"1536","Traffic Zone 222420000","1620","Traffic Zone 230190000","11/6/2019 - 11/6/2019, Every day, Daily Average",1944,1204,3137
"1536","Traffic Zone 222420000","1621","Traffic Zone 218640100","11/6/2019 - 11/6/2019, Every day, Daily Average",1141,629,2068
"1536","Traffic Zone 222420000","1622","Traffic Zone 218710000","11/6/2019 - 11/6/2019, Every day, Daily Average",1039,577,1870
"1536","Traffic Zone 222420000","1624","Traffic Zone 220710000","11/6/2019 - 11/6/2019, Every day, Daily Average",617,328,1160
"1536","Traffic Zone 222420000","1625","Traffic Zone 220710001","11/6/2019 - 11/6/2019, Every day, Daily Average",593,292,1202
"1536","Traffic Zone 222420000","1626","Traffic Zone 230200100","11/6/2019 - 11/6/2019, Every day, Daily Average",1720,1155,2559
"1536","Traffic Zone 222420000","1627","Traffic Zone 219720000","11/6/2019 - 11/6/2019, Every day, Daily Average",675,407,1118
"1536","Traffic Zone 222420000","1628","Traffic Zone 230210200","11/6/2019 - 11/6/2019, Every day, Daily Average",1296,747,2246
"1536","Traffic Zone 222420000","1629","Traffic Zone 218640200","11/6/2019 - 11/6/2019, Every day, Daily Average",1085,614,1915
"1536","Traffic Zone 222420000","1630","Traffic Zone 230050100","11/6/2019 - 11/6/2019, Every day, Daily Average",1502,1002,2250
"1536","Traffic Zone 222420000","1631","Traffic Zone 219711000","11/6/2019 - 11/6/2019, Every day, Daily Average",563,304,1039
"1536","Traffic Zone 222420000","1632","Traffic Zone 230210300","11/6/2019 - 11/6/2019, Every day, Daily Average",1863,1139,3046
"1536","Traffic Zone 222420000","1633","Traffic Zone 230020000","11/6/2019 - 11/6/2019, Every day, Daily Average",1310,1096,1565
"1536","Traffic Zone 222420000","1634","Traffic Zone 230060000","11/6/2019 - 11/6/2019, Every day, Daily Average",2266,1494,3435
"1536","Traffic Zone 222420000","1636","Traffic Zone 230100000","11/6/2019 - 11/6/2019, Every day, Daily Average",1592,933,2713
"1536","Traffic Zone 222420000","1637","Traffic Zone 220601000","11/6/2019 - 11/6/2019, Every day, Daily Average",557,305,1017
"1536","Traffic Zone 222420000","1638","Traffic Zone 230210400","11/6/2019 - 11/6/2019, Every day, Daily Average",1592,1024,2474
"1536","Traffic Zone 222420000","1639","Traffic Zone 218630000","11/6/2019 - 11/6/2019, Every day, Daily Average",1146,655,2003
"1536","Traffic Zone 222420000","1640","Traffic Zone 218610000","11/6/2019 - 11/6/2019, Every day, Daily Average",1241,705,2182
"1536","Traffic Zone 222420000","1641","Traffic Zone 218520100","11/6/2019 - 11/6/2019, Every day, Daily Average",1083,641,1827
"1536","Traffic Zone 222420000","1642","Traffic Zone 218532000","11/6/2019 - 11/6/2019, Every day, Daily Average",776,451,1334
"1536","Traffic Zone 222420000","1643","Traffic Zone 230050200","11/6/2019 - 11/6/2019, Every day, Daily Average",1462,969,2204
"1536","Traffic Zone 222420000","1644","Traffic Zone 218130000","11/6/2019 - 11/6/2019, Every day, Daily Average",1288,747,2217
"1536","Traffic Zone 222420000","1645","Traffic Zone 218531000","11/6/2019 - 11/6/2019, Every day, Daily Average",758,441,1302
"1536","Traffic Zone 222420000","1646","Traffic Zone 219970000","11/6/2019 - 11/6/2019, Every day, Daily Average",730,461,1155
"1536","Traffic Zone 222420000","1647","Traffic Zone 219900000","11/6/2019 - 11/6/2019, Every day, Daily Average",717,398,1288
"1536","Traffic Zone 222420000","1648","Traffic Zone 230080000","11/6/2019 - 11/6/2019, Every day, Daily Average",1400,887,2208
"1536","Traffic Zone 222420000","1649","Traffic Zone 218520200","11/6/2019 - 11/6/2019, Every day, Daily Average",772,484,1230
"1536","Traffic Zone 222420000","1650","Traffic Zone 218620000","11/6/2019 - 11/6/2019, Every day, Daily Average",1054,675,1645
"1536","Traffic Zone 222420000","1651","Traffic Zone 219920100","11/6/2019 - 11/6/2019, Every day, Daily Average",753,514,1101
"1536","Traffic Zone 222420000","1652","Traffic Zone 218510000","11/6/2019 - 11/6/2019, Every day, Daily Average",839,487,1442
"1536","Traffic Zone 222420000","1653","Traffic Zone 218340000","11/6/2019 - 11/6/2019, Every day, Daily Average",1389,875,2203
"1536","Traffic Zone 222420000","1654","Traffic Zone 219990000","11/6/2019 - 11/6/2019, Every day, Daily Average",764,495,1177
"1536","Traffic Zone 222420000","1655","Traffic Zone 219980000","11/6/2019 - 11/6/2019, Every day, Daily Average",769,494,1196
"1536","Traffic Zone 222420000","1656","Traffic Zone 218160000","11/6/2019 - 11/6/2019, Every day, Daily Average",1253,808,1942
"1536","Traffic Zone 222420000","1657","Traffic Zone 218140000","11/6/2019 - 11/6/2019, Every day, Daily Average",1144,878,1490
"1536","Traffic Zone 222420000","1658","Traffic Zone 219940000","11/6/2019 - 11/6/2019, Every day, Daily Average",787,450,1375
"1536","Traffic Zone 222420000","1659","Traffic Zone 230090100","11/6/2019 - 11/6/2019, Every day, Daily Average",1347,815,2223
"1536","Traffic Zone 222420000","1660","Traffic Zone 218100000","11/6/2019 - 11/6/2019, Every day, Daily Average",1349,813,2236
"1536","Traffic Zone 222420000","1662","Traffic Zone 230090200","11/6/2019 - 11/6/2019, Every day, Daily Average",1338,812,2204
"1536","Traffic Zone 222420000","1663","Traffic Zone 218351000","11/6/2019 - 11/6/2019, Every day, Daily Average",1390,865,2231
"1536","Traffic Zone 222420000","1664","Traffic Zone 218352000","11/6/2019 - 11/6/2019, Every day, Daily Average",1259,767,2066
"1536","Traffic Zone 222420000","1665","Traffic Zone 219930000","11/6/2019 - 11/6/2019, Every day, Daily Average",866,522,1434
"1536","Traffic Zone 222420000","1666","Traffic Zone 219912000","11/6/2019 - 11/6/2019, Every day, Daily Average",972,687,1374
"1536","Traffic Zone 222420000","1667","Traffic Zone 218330000","11/6/2019 - 11/6/2019, Every day, Daily Average",1234,874,1741
"1536","Traffic Zone 222420000","1668","Traffic Zone 218381000","11/6/2019 - 11/6/2019, Every day, Daily Average",1091,666,1787
"1536","Traffic Zone 222420000","1669","Traffic Zone 219911000","11/6/2019 - 11/6/2019, Every day, Daily Average",996,667,1485
"1536","Traffic Zone 222420000","1670","Traffic Zone 218382000","11/6/2019 - 11/6/2019, Every day, Daily Average",856,512,1429
"1536","Traffic Zone 222420000","1671","Traffic Zone 218361000","11/6/2019 - 11/6/2019, Every day, Daily Average",1354,914,2005
"1536","Traffic Zone 222420000","1672","Traffic Zone 218321000","11/6/2019 - 11/6/2019, Every day, Daily Average",1313,937,1838
"1536","Traffic Zone 222420000","1673","Traffic Zone 218150000","11/6/2019 - 11/6/2019, Every day, Daily Average",1475,1138,1911
"1536","Traffic Zone 222420000","1674","Traffic Zone 218322000","11/6/2019 - 11/6/2019, Every day, Daily Average",1248,852,1827
"1536","Traffic Zone 222420000","1675","Traffic Zone 218362000","11/6/2019 - 11/6/2019, Every day, Daily Average",1422,974,2074
"1536","Traffic Zone 222420000","1676","Traffic Zone 220140200","11/6/2019 - 11/6/2019, Every day, Daily Average",1109,777,1582
"1536","Traffic Zone 222420000","1677","Traffic Zone 220130100","11/6/2019 - 11/6/2019, Every day, Daily Average",1140,797,1630
"1536","Traffic Zone 222420000","1678","Traffic Zone 220140100","11/6/2019 - 11/6/2019, Every day, Daily Average",1304,995,1707
"1536","Traffic Zone 222420000","1679","Traffic Zone 218370000","11/6/2019 - 11/6/2019, Every day, Daily Average",909,565,1460
"1536","Traffic Zone 222420000","1681","Traffic Zone 218310100","11/6/2019 - 11/6/2019, Every day, Daily Average",1141,734,1772
"1536","Traffic Zone 222420000","1684","Traffic Zone 220170001","11/6/2019 - 11/6/2019, Every day, Daily Average",1080,714,1632
"1536","Traffic Zone 222420000","1686","Traffic Zone 218310200","11/6/2019 - 11/6/2019, Every day, Daily Average",974,615,1540
"1536","Traffic Zone 222420000","1688","Traffic Zone 220160000","11/6/2019 - 11/6/2019, Every day, Daily Average",1348,842,2156
"1536","Traffic Zone 222420000","1689","Traffic Zone 220170000","11/6/2019 - 11/6/2019, Every day, Daily Average",989,754,1295
"1536","Traffic Zone 222420000","1694","Traffic Zone 246070000","11/6/2019 - 11/6/2019, Every day, Daily Average",1618,1012,2584
"1536","Traffic Zone 222420000","1695","Traffic Zone 246050200","11/6/2019 - 11/6/2019, Every day, Daily Average",1584,978,2564
"1536","Traffic Zone 222420000","1696","Traffic Zone 246050100","11/6/2019 - 11/6/2019, Every day, Daily Average",1451,1012,2078
"1536","Traffic Zone 222420000","1697","Traffic Zone 246080000","11/6/2019 - 11/6/2019, Every day, Daily Average",1326,870,2019
"1536","Traffic Zone 222420000","1698","Traffic Zone 246380000","11/6/2019 - 11/6/2019, Every day, Daily Average",1227,842,1786
"1536","Traffic Zone 222420000","1699","Traffic Zone 246040000","11/6/2019 - 11/6/2019, Every day, Daily Average",2012,1385,2921
"1536","Traffic Zone 222420000","1700","Traffic Zone 248070200","11/6/2019 - 11/6/2019, Every day, Daily Average",1124,702,1797
"1536","Traffic Zone 222420000","1701","Traffic Zone 246170000","11/6/2019 - 11/6/2019, Every day, Daily Average",1280,895,1828
"1536","Traffic Zone 222420000","1702","Traffic Zone 246090000","11/6/2019 - 11/6/2019, Every day, Daily Average",1657,1150,2386
"1536","Traffic Zone 222420000","1703","Traffic Zone 246100000","11/6/2019 - 11/6/2019, Every day, Daily Average",1802,1270,2555
"1536","Traffic Zone 222420000","1704","Traffic Zone 248070300","11/6/2019 - 11/6/2019, Every day, Daily Average",1217,783,1889
"1536","Traffic Zone 222420000","1705","Traffic Zone 246390000","11/6/2019 - 11/6/2019, Every day, Daily Average",1417,934,2148
"1536","Traffic Zone 222420000","1706","Traffic Zone 246370000","11/6/2019 - 11/6/2019, Every day, Daily Average",1524,1042,2228
"1536","Traffic Zone 222420000","1707","Traffic Zone 248200100","11/6/2019 - 11/6/2019, Every day, Daily Average",840,533,1321
"1536","Traffic Zone 222420000","1708","Traffic Zone 248060000","11/6/2019 - 11/6/2019, Every day, Daily Average",1051,687,1606
"1536","Traffic Zone 222420000","1710","Traffic Zone 246160000","11/6/2019 - 11/6/2019, Every day, Daily Average",1500,993,2264
"1536","Traffic Zone 222420000","1711","Traffic Zone 248190100","11/6/2019 - 11/6/2019, Every day, Daily Average",1211,754,1944
"1536","Traffic Zone 222420000","1713","Traffic Zone 248190200","11/6/2019 - 11/6/2019, Every day, Daily Average",908,576,1430
"1536","Traffic Zone 222420000","1714","Traffic Zone 248070400","11/6/2019 - 11/6/2019, Every day, Daily Average",1480,946,2313
"1536","Traffic Zone 222420000","1715","Traffic Zone 248080300","11/6/2019 - 11/6/2019, Every day, Daily Average",1651,1175,2317
"1536","Traffic Zone 222420000","1716","Traffic Zone 248080201","11/6/2019 - 11/6/2019, Every day, Daily Average",1562,1004,2429
"1536","Traffic Zone 222420000","1717","Traffic Zone 248080200","11/6/2019 - 11/6/2019, Every day, Daily Average",1495,921,2426
"1536","Traffic Zone 222420000","1718","Traffic Zone 248200200","11/6/2019 - 11/6/2019, Every day, Daily Average",979,643,1488
"1536","Traffic Zone 222420000","1719","Traffic Zone 248080400","11/6/2019 - 11/6/2019, Every day, Daily Average",1553,1171,2058
"1536","Traffic Zone 222420000","1720","Traffic Zone 246190001","11/6/2019 - 11/6/2019, Every day, Daily Average",1324,906,1933
"1536","Traffic Zone 222420000","1721","Traffic Zone 246190000","11/6/2019 - 11/6/2019, Every day, Daily Average",1379,973,1952
"1536","Traffic Zone 222420000","1722","Traffic Zone 246360001","11/6/2019 - 11/6/2019, Every day, Daily Average",1243,890,1734
"1536","Traffic Zone 222420000","1723","Traffic Zone 246200000","11/6/2019 - 11/6/2019, Every day, Daily Average",1420,1139,1769
"1536","Traffic Zone 222420000","1724","Traffic Zone 248050000","11/6/2019 - 11/6/2019, Every day, Daily Average",1869,1381,2527
"1536","Traffic Zone 222420000","1725","Traffic Zone 248270100","11/6/2019 - 11/6/2019, Every day, Daily Average",737,465,1166
"1536","Traffic Zone 222420000","1727","Traffic Zone 248090200","11/6/2019 - 11/6/2019, Every day, Daily Average",1586,948,2650
"1536","Traffic Zone 222420000","1728","Traffic Zone 246150000","11/6/2019 - 11/6/2019, Every day, Daily Average",1607,1201,2149
"1536","Traffic Zone 222420000","1729","Traffic Zone 248090100","11/6/2019 - 11/6/2019, Every day, Daily Average",1735,1054,2855
"1536","Traffic Zone 222420000","1730","Traffic Zone 246110000","11/6/2019 - 11/6/2019, Every day, Daily Average",1822,1248,2659
"1536","Traffic Zone 222420000","1731","Traffic Zone 248090300","11/6/2019 - 11/6/2019, Every day, Daily Average",1010,632,1611
"1536","Traffic Zone 222420000","1732","Traffic Zone 246400000","11/6/2019 - 11/6/2019, Every day, Daily Average",1117,792,1573
"1536","Traffic Zone 222420000","1734","Traffic Zone 246360002","11/6/2019 - 11/6/2019, Every day, Daily Average",1412,976,2041
"1536","Traffic Zone 222420000","1735","Traffic Zone 246360000","11/6/2019 - 11/6/2019, Every day, Daily Average",1455,1036,2042
"1536","Traffic Zone 222420000","1736","Traffic Zone 246220000","11/6/2019 - 11/6/2019, Every day, Daily Average",1521,1054,2193
"1536","Traffic Zone 222420000","1739","Traffic Zone 248030100","11/6/2019 - 11/6/2019, Every day, Daily Average",1603,1058,2427
"1536","Traffic Zone 222420000","1740","Traffic Zone 248210200","11/6/2019 - 11/6/2019, Every day, Daily Average",925,727,1176
"1536","Traffic Zone 222420000","1741","Traffic Zone 248270200","11/6/2019 - 11/6/2019, Every day, Daily Average",1339,778,2302
"1536","Traffic Zone 222420000","1742","Traffic Zone 248040000","11/6/2019 - 11/6/2019, Every day, Daily Average",1667,1226,2265
"1536","Traffic Zone 222420000","1743","Traffic Zone 248171400","11/6/2019 - 11/6/2019, Every day, Daily Average",970,749,1255
"1536","Traffic Zone 222420000","1744","Traffic Zone 248171300","11/6/2019 - 11/6/2019, Every day, Daily Average",994,695,1420
"1536","Traffic Zone 222420000","1745","Traffic Zone 248100100","11/6/2019 - 11/6/2019, Every day, Daily Average",1401,909,2158
"1536","Traffic Zone 222420000","1746","Traffic Zone 248160400","11/6/2019 - 11/6/2019, Every day, Daily Average",1641,990,2718
"1536","Traffic Zone 222420000","1747","Traffic Zone 246350000","11/6/2019 - 11/6/2019, Every day, Daily Average",1129,904,1408
"1536","Traffic Zone 222420000","1748","Traffic Zone 246350001","11/6/2019 - 11/6/2019, Every day, Daily Average",1454,1085,1947
"1536","Traffic Zone 222420000","1749","Traffic Zone 246230000","11/6/2019 - 11/6/2019, Every day, Daily Average",1596,1109,2295
"1536","Traffic Zone 222420000","1750","Traffic Zone 248160200","11/6/2019 - 11/6/2019, Every day, Daily Average",1079,680,1710
"1536","Traffic Zone 222420000","1751","Traffic Zone 246240000","11/6/2019 - 11/6/2019, Every day, Daily Average",1696,1109,2592
"1536","Traffic Zone 222420000","1752","Traffic Zone 246140000","11/6/2019 - 11/6/2019, Every day, Daily Average",1511,1104,2067
"1536","Traffic Zone 222420000","1754","Traffic Zone 246410000","11/6/2019 - 11/6/2019, Every day, Daily Average",1715,1209,2431
"1536","Traffic Zone 222420000","1755","Traffic Zone 248030200","11/6/2019 - 11/6/2019, Every day, Daily Average",1515,1039,2207
"1536","Traffic Zone 222420000","1757","Traffic Zone 248160300","11/6/2019 - 11/6/2019, Every day, Daily Average",1545,951,2507
"1536","Traffic Zone 222420000","1758","Traffic Zone 248100200","11/6/2019 - 11/6/2019, Every day, Daily Average",2006,1267,3175
"1536","Traffic Zone 222420000","1759","Traffic Zone 246340001","11/6/2019 - 11/6/2019, Every day, Daily Average",1321,1070,1629
"1536","Traffic Zone 222420000","1761","Traffic Zone 248150000","11/6/2019 - 11/6/2019, Every day, Daily Average",1133,716,1791
"1536","Traffic Zone 222420000","1762","Traffic Zone 246270000","11/6/2019 - 11/6/2019, Every day, Daily Average",1647,1157,2344
"1536","Traffic Zone 222420000","1764","Traffic Zone 246120000","11/6/2019 - 11/6/2019, Every day, Daily Average",1703,1141,2540
"1536","Traffic Zone 222420000","1765","Traffic Zone 248280000","11/6/2019 - 11/6/2019, Every day, Daily Average",896,574,1397
"1536","Traffic Zone 222420000","1766","Traffic Zone 246130000","11/6/2019 - 11/6/2019, Every day, Daily Average",1751,1192,2570
"1536","Traffic Zone 222420000","1767","Traffic Zone 248171200","11/6/2019 - 11/6/2019, Every day, Daily Average",1214,755,1949
"1536","Traffic Zone 222420000","1769","Traffic Zone 246260000","11/6/2019 - 11/6/2019, Every day, Daily Average",1899,1224,2944
"1536","Traffic Zone 222420000","1771","Traffic Zone 248110100","11/6/2019 - 11/6/2019, Every day, Daily Average",2045,1235,3384
"1536","Traffic Zone 222420000","1773","Traffic Zone 248140100","11/6/2019 - 11/6/2019, Every day, Daily Average",1529,943,2478
"1536","Traffic Zone 222420000","1774","Traffic Zone 246250000","11/6/2019 - 11/6/2019, Every day, Daily Average",2076,1396,3085
"1536","Traffic Zone 222420000","1775","Traffic Zone 246280000","11/6/2019 - 11/6/2019, Every day, Daily Average",1754,1251,2459
"1536","Traffic Zone 222420000","1777","Traffic Zone 246340000","11/6/2019 - 11/6/2019, Every day, Daily Average",1584,1182,2122
"1536","Traffic Zone 222420000","1779","Traffic Zone 248230300","11/6/2019 - 11/6/2019, Every day, Daily Average",1309,802,2135
"1536","Traffic Zone 222420000","1780","Traffic Zone 248230400","11/6/2019 - 11/6/2019, Every day, Daily Average",1529,1154,2025
"1536","Traffic Zone 222420000","1781","Traffic Zone 248230100","11/6/2019 - 11/6/2019, Every day, Daily Average",1197,764,1873
"1536","Traffic Zone 222420000","1782","Traffic Zone 246420000","11/6/2019 - 11/6/2019, Every day, Daily Average",2068,1306,3272
"1536","Traffic Zone 222420000","1783","Traffic Zone 248110300","11/6/2019 - 11/6/2019, Every day, Daily Average",1551,955,2517
"1536","Traffic Zone 222420000","1786","Traffic Zone 248252200","11/6/2019 - 11/6/2019, Every day, Daily Average",973,628,1506
"1536","Traffic Zone 222420000","1788","Traffic Zone 248140200","11/6/2019 - 11/6/2019, Every day, Daily Average",1986,1152,3422
"1536","Traffic Zone 222420000","1789","Traffic Zone 246290000","11/6/2019 - 11/6/2019, Every day, Daily Average",1803,1287,2524
"1536","Traffic Zone 222420000","1791","Traffic Zone 248240100","11/6/2019 - 11/6/2019, Every day, Daily Average",1211,788,1861
"1536","Traffic Zone 222420000","1794","Traffic Zone 246310200","11/6/2019 - 11/6/2019, Every day, Daily Average",1763,1325,2344
"1536","Traffic Zone 222420000","1799","Traffic Zone 248240200","11/6/2019 - 11/6/2019, Every day, Daily Average",1050,686,1604
"1536","Traffic Zone 222420000","1800","Traffic Zone 243360200","11/6/2019 - 11/6/2019, Every day, Daily Average",1649,1056,2572
"1536","Traffic Zone 222420000","1801","Traffic Zone 243360100","11/6/2019 - 11/6/2019, Every day, Daily Average",1214,810,1817
"1536","Traffic Zone 222420000","1803","Traffic Zone 246300000","11/6/2019 - 11/6/2019, Every day, Daily Average",2214,1441,3400
"1536","Traffic Zone 222420000","1808","Traffic Zone 243290100","11/6/2019 - 11/6/2019, Every day, Daily Average",1831,1307,2563
"1536","Traffic Zone 222420000","1809","Traffic Zone 246310100","11/6/2019 - 11/6/2019, Every day, Daily Average",1694,1330,2156
"1536","Traffic Zone 222420000","1811","Traffic Zone 243310001","11/6/2019 - 11/6/2019, Every day, Daily Average",1265,856,1868
"1536","Traffic Zone 222420000","1812","Traffic Zone 243380200","11/6/2019 - 11/6/2019, Every day, Daily Average",1162,783,1724
"1536","Traffic Zone 222420000","1815","Traffic Zone 243290200","11/6/2019 - 11/6/2019, Every day, Daily Average",1636,1153,2320
"1536","Traffic Zone 222420000","1816","Traffic Zone 243370000","11/6/2019 - 11/6/2019, Every day, Daily Average",1099,727,1659
"1536","Traffic Zone 222420000","1817","Traffic Zone 243210200","11/6/2019 - 11/6/2019, Every day, Daily Average",1935,1100,3401
"1536","Traffic Zone 222420000","1819","Traffic Zone 243310000","11/6/2019 - 11/6/2019, Every day, Daily Average",1216,852,1735
"1536","Traffic Zone 222420000","1821","Traffic Zone 243070100","11/6/2019 - 11/6/2019, Every day, Daily Average",1764,1394,2231
"1536","Traffic Zone 222420000","1822","Traffic Zone 243280200","11/6/2019 - 11/6/2019, Every day, Daily Average",1349,931,1952
"1536","Traffic Zone 222420000","1823","Traffic Zone 243050200","11/6/2019 - 11/6/2019, Every day, Daily Average",2033,1456,2838
"1536","Traffic Zone 222420000","1824","Traffic Zone 243200000","11/6/2019 - 11/6/2019, Every day, Daily Average",1683,1087,2605
"1536","Traffic Zone 222420000","1826","Traffic Zone 243060000","11/6/2019 - 11/6/2019, Every day, Daily Average",1800,1449,2234
"1536","Traffic Zone 222420000","1828","Traffic Zone 243280100","11/6/2019 - 11/6/2019, Every day, Daily Average",1378,946,2007
"1536","Traffic Zone 222420000","1829","Traffic Zone 243230000","11/6/2019 - 11/6/2019, Every day, Daily Average",1494,1017,2192
"1536","Traffic Zone 222420000","1831","Traffic Zone 243210100","11/6/2019 - 11/6/2019, Every day, Daily Average",1605,1061,2427
"1536","Traffic Zone 222420000","1835","Traffic Zone 243072101","11/6/2019 - 11/6/2019, Every day, Daily Average",1595,1371,1854
"1536","Traffic Zone 222420000","1837","Traffic Zone 243320000","11/6/2019 - 11/6/2019, Every day, Daily Average",1332,924,1918
"1536","Traffic Zone 222420000","1838","Traffic Zone 243270000","11/6/2019 - 11/6/2019, Every day, Daily Average",1479,997,2192
"1536","Traffic Zone 222420000","1840","Traffic Zone 243400200","11/6/2019 - 11/6/2019, Every day, Daily Average",1221,821,1814
"1536","Traffic Zone 222420000","1843","Traffic Zone 243340300","11/6/2019 - 11/6/2019, Every day, Daily Average",1359,942,1959
"1536","Traffic Zone 222420000","1846","Traffic Zone 243150000","11/6/2019 - 11/6/2019, Every day, Daily Average",1868,1245,2800
"1536","Traffic Zone 222420000","1851","Traffic Zone 243330100","11/6/2019 - 11/6/2019, Every day, Daily Average",1376,977,1937
"1536","Traffic Zone 222420000","1852","Traffic Zone 243330200","11/6/2019 - 11/6/2019, Every day, Daily Average",1427,989,2057
"1536","Traffic Zone 222420000","1855","Traffic Zone 243090000","11/6/2019 - 11/6/2019, Every day, Daily Average",2138,1585,2882
"1536","Traffic Zone 222420000","1857","Traffic Zone 243330300","11/6/2019 - 11/6/2019, Every day, Daily Average",1413,1058,1885
"1536","Traffic Zone 222420000","1870","Traffic Zone 243000200","11/6/2019 - 11/6/2019, Every day, Daily Average",1975,1512,2578
"1536","Traffic Zone 222420000","1872","Traffic Zone 240830200","11/6/2019 - 11/6/2019, Every day, Daily Average",1330,887,1993
"1536","Traffic Zone 222420000","1873","Traffic Zone 240830300","11/6/2019 - 11/6/2019, Every day, Daily Average",1417,927,2163
"1536","Traffic Zone 222420000","1874","Traffic Zone 240840200","11/6/2019 - 11/6/2019, Every day, Daily Average",1400,929,2108
"1536","Traffic Zone 222420000","1875","Traffic Zone 240830100","11/6/2019 - 11/6/2019, Every day, Daily Average",1492,981,2268
"1536","Traffic Zone 222420000","1876","Traffic Zone 240470100","11/6/2019 - 11/6/2019, Every day, Daily Average",1456,1043,2031
"1536","Traffic Zone 222420000","1877","Traffic Zone 240700200","11/6/2019 - 11/6/2019, Every day, Daily Average",1494,1010,2209
"1536","Traffic Zone 222420000","1878","Traffic Zone 240460000","11/6/2019 - 11/6/2019, Every day, Daily Average",1678,1153,2441
"1536","Traffic Zone 222420000","1879","Traffic Zone 240470300","11/6/2019 - 11/6/2019, Every day, Daily Average",1516,1050,2188
"1536","Traffic Zone 222420000","1882","Traffic Zone 240470200","11/6/2019 - 11/6/2019, Every day, Daily Average",1533,1095,2145
"1536","Traffic Zone 222420000","1883","Traffic Zone 240840100","11/6/2019 - 11/6/2019, Every day, Daily Average",1607,1059,2437
"1536","Traffic Zone 222420000","1887","Traffic Zone 240850200","11/6/2019 - 11/6/2019, Every day, Daily Average",1700,1148,2516
"1536","Traffic Zone 222420000","1893","Traffic Zone 240850100","11/6/2019 - 11/6/2019, Every day, Daily Average",1625,1068,2470
"1536","Traffic Zone 222420000","1895","Traffic Zone 240480200","11/6/2019 - 11/6/2019, Every day, Daily Average",1561,1152,2113
"1536","Traffic Zone 222420000","1896","Traffic Zone 240460003","11/6/2019 - 11/6/2019, Every day, Daily Average",1875,1310,2681
"1536","Traffic Zone 222420000","1898","Traffic Zone 240480300","11/6/2019 - 11/6/2019, Every day, Daily Average",1453,1159,1820
"1536","Traffic Zone 222420000","1908","Traffic Zone 240860100","11/6/2019 - 11/6/2019, Every day, Daily Average",1678,1116,2522
"1536","Traffic Zone 222420000","1911","Traffic Zone 240680000","11/6/2019 - 11/6/2019, Every day, Daily Average",1608,1254,2061
"1536","Traffic Zone 222420000","1913","Traffic Zone 240862400","11/6/2019 - 11/6/2019, Every day, Daily Average",1716,1140,2581
"1536","Traffic Zone 222420000","1918","Traffic Zone 240460002","11/6/2019 - 11/6/2019, Every day, Daily Average",2096,1433,3065
"1536","Traffic Zone 222420000","1919","Traffic Zone 240820201","11/6/2019 - 11/6/2019, Every day, Daily Average",2133,1398,3252
"1536","Traffic Zone 222420000","1921","Traffic Zone 240530000","11/6/2019 - 11/6/2019, Every day, Daily Average",1687,1229,2314
"1536","Traffic Zone 222420000","1923","Traffic Zone 240862300","11/6/2019 - 11/6/2019, Every day, Daily Average",1761,1177,2634
"1536","Traffic Zone 222420000","1924","Traffic Zone 240670000","11/6/2019 - 11/6/2019, Every day, Daily Average",1702,1278,2265
"1536","Traffic Zone 222420000","1929","Traffic Zone 240550000","11/6/2019 - 11/6/2019, Every day, Daily Average",1753,1257,2443
"1536","Traffic Zone 222420000","1932","Traffic Zone 240440200","11/6/2019 - 11/6/2019, Every day, Daily Average",2702,1747,4178
"1536","Traffic Zone 222420000","1935","Traffic Zone 240650000","11/6/2019 - 11/6/2019, Every day, Daily Average",1692,1287,2224
"1536","Traffic Zone 222420000","1936","Traffic Zone 240821102","11/6/2019 - 11/6/2019, Every day, Daily Average",1778,1285,2459
"1536","Traffic Zone 222420000","1937","Traffic Zone 240821100","11/6/2019 - 11/6/2019, Every day, Daily Average",1927,1254,2961
"1536","Traffic Zone 222420000","1941","Traffic Zone 240560000","11/6/2019 - 11/6/2019, Every day, Daily Average",1805,1278,2547
"1536","Traffic Zone 222420000","1944","Traffic Zone 240440100","11/6/2019 - 11/6/2019, Every day, Daily Average",2296,1500,3513
"1536","Traffic Zone 222420000","1952","Traffic Zone 240430200","11/6/2019 - 11/6/2019, Every day, Daily Average",2081,1397,3099
"1536","Traffic Zone 222420000","1954","Traffic Zone 240821103","11/6/2019 - 11/6/2019, Every day, Daily Average",2043,1310,3185
"1536","Traffic Zone 222420000","1958","Traffic Zone 240641100","11/6/2019 - 11/6/2019, Every day, Daily Average",1841,1321,2564
"1536","Traffic Zone 222420000","1965","Traffic Zone 240620000","11/6/2019 - 11/6/2019, Every day, Daily Average",1898,1328,2711
"1536","Traffic Zone 222420000","1966","Traffic Zone 240410000","11/6/2019 - 11/6/2019, Every day, Daily Average",2455,1529,3940
"1536","Traffic Zone 222420000","1967","Traffic Zone 240870300","11/6/2019 - 11/6/2019, Every day, Daily Average",2518,1666,3804
"1536","Traffic Zone 222420000","1973","Traffic Zone 240400000","11/6/2019 - 11/6/2019, Every day, Daily Average",2597,1583,4259
"1536","Traffic Zone 222420000","1975","Traffic Zone 240821200","11/6/2019 - 11/6/2019, Every day, Daily Average",2027,1334,3079
"1536","Traffic Zone 222420000","1979","Traffic Zone 240630000","11/6/2019 - 11/6/2019, Every day, Daily Average",1964,1395,2764
"1536","Traffic Zone 222420000","1984","Traffic Zone 240390100","11/6/2019 - 11/6/2019, Every day, Daily Average",2273,1499,3445
"1536","Traffic Zone 222420000","1990","Traffic Zone 240330301","11/6/2019 - 11/6/2019, Every day, Daily Average",1676,1361,2063
"1536","Traffic Zone 222420000","1992","Traffic Zone 240360000","11/6/2019 - 11/6/2019, Every day, Daily Average",2244,1561,3225
"1536","Traffic Zone 222420000","1994","Traffic Zone 240330400","11/6/2019 - 11/6/2019, Every day, Daily Average",2363,1526,3658
"1536","Traffic Zone 222420000","1996","Traffic Zone 240330300","11/6/2019 - 11/6/2019, Every day, Daily Average",1898,1342,2683
"1536","Traffic Zone 222420000","2002","Traffic Zone 240350000","11/6/2019 - 11/6/2019, Every day, Daily Average",2046,1477,2833
"1536","Traffic Zone 222420000","2008","Traffic Zone 240332200","11/6/2019 - 11/6/2019, Every day, Daily Average",1591,1398,1809
"1536","Traffic Zone 222420000","2012","Traffic Zone 240331200","11/6/2019 - 11/6/2019, Every day, Daily Average",2391,1563,3656
"1536","Traffic Zone 222420000","2013","Traffic Zone 240332300","11/6/2019 - 11/6/2019, Every day, Daily Average",2162,1560,2996
"1536","Traffic Zone 222420000","2014","Traffic Zone 240331900","11/6/2019 - 11/6/2019, Every day, Daily Average",2468,1605,3793
"1536","Traffic Zone 222420000","2015","Traffic Zone 240240400","11/6/2019 - 11/6/2019, Every day, Daily Average",2174,1600,2953
"1536","Traffic Zone 222420000","2022","Traffic Zone 240130200","11/6/2019 - 11/6/2019, Every day, Daily Average",2290,1688,3105
"1536","Traffic Zone 222420000","2023","Traffic Zone 240240300","11/6/2019 - 11/6/2019, Every day, Daily Average",2618,1900,3607
"1536","Traffic Zone 222420000","2024","Traffic Zone 300000451","11/6/2019 - 11/6/2019, Every day, Daily Average",2094,1410,3107
"1536","Traffic Zone 222420000","2025","Traffic Zone 300000434","11/6/2019 - 11/6/2019, Every day, Daily Average",2136,1453,3139
"1536","Traffic Zone 222420000","2026","Traffic Zone 300000470","11/6/2019 - 11/6/2019, Every day, Daily Average",2266,1597,3214
"1536","Traffic Zone 222420000","2027","Traffic Zone 300000499","11/6/2019 - 11/6/2019, Every day, Daily Average",2168,1534,3062
"1536","Traffic Zone 222420000","2031","Traffic Zone 300000428","11/6/2019 - 11/6/2019, Every day, Daily Average",2162,1470,3179
"1536","Traffic Zone 222420000","2040","Traffic Zone 300000585","11/6/2019 - 11/6/2019, Every day, Daily Average",2049,1563,2685
"1536","Traffic Zone 222420000","2043","Traffic Zone 300000574","11/6/2019 - 11/6/2019, Every day, Daily Average",2133,1581,2877
"1536","Traffic Zone 222420000","2053","Traffic Zone 300000573","11/6/2019 - 11/6/2019, Every day, Daily Average",2137,1588,2875
"1536","Traffic Zone 222420000","2054","Traffic Zone 300000598","11/6/2019 - 11/6/2019, Every day, Daily Average",1796,1246,2587
"1536","Traffic Zone 222420000","2055","Traffic Zone 300000613","11/6/2019 - 11/6/2019, Every day, Daily Average",1754,1214,2533
"1536","Traffic Zone 222420000","2056","Traffic Zone 300000597","11/6/2019 - 11/6/2019, Every day, Daily Average",1761,1219,2542
"1536","Traffic Zone 222420000","2057","Traffic Zone 300000624","11/6/2019 - 11/6/2019, Every day, Daily Average",1466,1296,1658
"1536","Traffic Zone 222420000","2059","Traffic Zone 300000572","11/6/2019 - 11/6/2019, Every day, Daily Average",1926,1352,2743
"1536","Traffic Zone 222420000","2062","Traffic Zone 300000592","11/6/2019 - 11/6/2019, Every day, Daily Average",2012,1443,2803
"1536","Traffic Zone 222420000","2071","Traffic Zone 300000571","11/6/2019 - 11/6/2019, Every day, Daily Average",2042,1470,2836
"1536","Traffic Zone 222420000","2095","Traffic Zone 300000589","11/6/2019 - 11/6/2019, Every day, Daily Average",2213,1581,3097
"1536","Traffic Zone 222420000","2136","Traffic Zone 300000569","11/6/2019 - 11/6/2019, Every day, Daily Average",1898,1347,2673
"1536","Traffic Zone 222420000","2143","Traffic Zone 300000565","11/6/2019 - 11/6/2019, Every day, Daily Average",1958,1394,2749
"1536","Traffic Zone 222420000","2149","Traffic Zone 300000568","11/6/2019 - 11/6/2019, Every day, Daily Average",1844,1333,2549
"1536","Traffic Zone 222420000","2154","Traffic Zone 300000543","11/6/2019 - 11/6/2019, Every day, Daily Average",2042,1460,2854
"1536","Traffic Zone 222420000","2159","Traffic Zone 300000528","11/6/2019 - 11/6/2019, Every day, Daily Average",2087,1500,2903
"1536","Traffic Zone 222420000","2160","Traffic Zone 300000563","11/6/2019 - 11/6/2019, Every day, Daily Average",1553,1349,1787
"1536","Traffic Zone 222420000","2163","Traffic Zone 300000514","11/6/2019 - 11/6/2019, Every day, Daily Average",2106,1531,2895
"1536","Traffic Zone 222420000","2164","Traffic Zone 300000485","11/6/2019 - 11/6/2019, Every day, Daily Average",2155,1891,2455
"1536","Traffic Zone 222420000","2165","Traffic Zone 300000503","11/6/2019 - 11/6/2019, Every day, Daily Average",2147,1563,2947
"1536","Traffic Zone 222420000","2166","Traffic Zone 300000562","11/6/2019 - 11/6/2019, Every day, Daily Average",2054,1466,2876
"1536","Traffic Zone 222420000","2168","Traffic Zone 300000492","11/6/2019 - 11/6/2019, Every day, Daily Average",2251,1648,3073
"1536","Traffic Zone 222420000","2171","Traffic Zone 300000561","11/6/2019 - 11/6/2019, Every day, Daily Average",2088,1454,2997
"1536","Traffic Zone 222420000","2173","Traffic Zone 300000560","11/6/2019 - 11/6/2019, Every day, Daily Average",2135,1493,3051
"1536","Traffic Zone 222420000","2179","Traffic Zone 300000409","11/6/2019 - 11/6/2019, Every day, Daily Average",2070,1459,2935
"1536","Traffic Zone 222420000","2182","Traffic Zone 300000408","11/6/2019 - 11/6/2019, Every day, Daily Average",2275,1536,3367
"1536","Traffic Zone 222420000","2184","Traffic Zone 300000406","11/6/2019 - 11/6/2019, Every day, Daily Average",2356,1602,3463
"1536","Traffic Zone 222420000","2187","Traffic Zone 300000407","11/6/2019 - 11/6/2019, Every day, Daily Average",2414,1653,3524
"1536","Traffic Zone 222420000","2188","Traffic Zone 300000403","11/6/2019 - 11/6/2019, Every day, Daily Average",2396,1640,3499
"1536","Traffic Zone 222420000","2189","Traffic Zone 300000374","11/6/2019 - 11/6/2019, Every day, Daily Average",2337,1626,3357
"1536","Traffic Zone 222420000","2191","Traffic Zone 300000373","11/6/2019 - 11/6/2019, Every day, Daily Average",2494,1736,3582
"1536","Traffic Zone 222420000","2192","Traffic Zone 300000357","11/6/2019 - 11/6/2019, Every day, Daily Average",2030,1544,2668