"Origin Movement ID","Origin Display Name","Destination Movement ID","Destination Display Name","Date Range","Mean Travel Time (Seconds)","Range - Lower Bound Travel Time (Seconds)","Range - Upper Bound Travel Time (Seconds)"
"1536","Traffic Zone 222420000","6","Traffic Zone 292031200","9/16/2019 - 9/16/2019, Every day, Daily Average",2305,1572,3377
"1536","Traffic Zone 222420000","13","Traffic Zone 293020000","9/16/2019 - 9/16/2019, Every day, Daily Average",2439,1640,3625
"1536","Traffic Zone 222420000","21","Traffic Zone 213700000","9/16/2019 - 9/16/2019, Every day, Daily Average",2124,1637,2755
"1536","Traffic Zone 222420000","30","Traffic Zone 213720100","9/16/2019 - 9/16/2019, Every day, Daily Average",2352,1715,3224
"1536","Traffic Zone 222420000","41","Traffic Zone 213710201","9/16/2019 - 9/16/2019, Every day, Daily Average",2279,1658,3131
"1536","Traffic Zone 222420000","53","Traffic Zone 213710202","9/16/2019 - 9/16/2019, Every day, Daily Average",2234,1654,3017
"1536","Traffic Zone 222420000","62","Traffic Zone 213710200","9/16/2019 - 9/16/2019, Every day, Daily Average",2046,1485,2817
"1536","Traffic Zone 222420000","83","Traffic Zone 213930100","9/16/2019 - 9/16/2019, Every day, Daily Average",2103,1487,2973
"1536","Traffic Zone 222420000","95","Traffic Zone 213930200","9/16/2019 - 9/16/2019, Every day, Daily Average",2079,1439,3003
"1536","Traffic Zone 222420000","98","Traffic Zone 213930300","9/16/2019 - 9/16/2019, Every day, Daily Average",2077,1458,2957
"1536","Traffic Zone 222420000","107","Traffic Zone 213920000","9/16/2019 - 9/16/2019, Every day, Daily Average",2010,1457,2771
"1536","Traffic Zone 222420000","123","Traffic Zone 213900000","9/16/2019 - 9/16/2019, Every day, Daily Average",1962,1388,2772
"1536","Traffic Zone 222420000","129","Traffic Zone 214150000","9/16/2019 - 9/16/2019, Every day, Daily Average",1900,1366,2641
"1536","Traffic Zone 222420000","133","Traffic Zone 214140000","9/16/2019 - 9/16/2019, Every day, Daily Average",1896,1328,2706
"1536","Traffic Zone 222420000","134","Traffic Zone 211720000","9/16/2019 - 9/16/2019, Every day, Daily Average",2434,1770,3345
"1536","Traffic Zone 222420000","135","Traffic Zone 212730000","9/16/2019 - 9/16/2019, Every day, Daily Average",2199,1481,3264
"1536","Traffic Zone 222420000","136","Traffic Zone 212771000","9/16/2019 - 9/16/2019, Every day, Daily Average",2182,1496,3181
"1536","Traffic Zone 222420000","140","Traffic Zone 214130200","9/16/2019 - 9/16/2019, Every day, Daily Average",1949,1373,2765
"1536","Traffic Zone 222420000","145","Traffic Zone 212840000","9/16/2019 - 9/16/2019, Every day, Daily Average",2253,1497,3388
"1536","Traffic Zone 222420000","147","Traffic Zone 214160000","9/16/2019 - 9/16/2019, Every day, Daily Average",1781,1237,2562
"1536","Traffic Zone 222420000","148","Traffic Zone 212891000","9/16/2019 - 9/16/2019, Every day, Daily Average",1785,1225,2599
"1536","Traffic Zone 222420000","170","Traffic Zone 212870200","9/16/2019 - 9/16/2019, Every day, Daily Average",1718,1186,2488
"1536","Traffic Zone 222420000","179","Traffic Zone 214110000","9/16/2019 - 9/16/2019, Every day, Daily Average",1807,1248,2615
"1536","Traffic Zone 222420000","181","Traffic Zone 212460000","9/16/2019 - 9/16/2019, Every day, Daily Average",1642,1127,2391
"1536","Traffic Zone 222420000","189","Traffic Zone 212200000","9/16/2019 - 9/16/2019, Every day, Daily Average",1645,1123,2408
"1536","Traffic Zone 222420000","191","Traffic Zone 212470000","9/16/2019 - 9/16/2019, Every day, Daily Average",1536,1062,2220
"1536","Traffic Zone 222420000","193","Traffic Zone 214340000","9/16/2019 - 9/16/2019, Every day, Daily Average",1418,992,2026
"1536","Traffic Zone 222420000","196","Traffic Zone 212370000","9/16/2019 - 9/16/2019, Every day, Daily Average",1517,1042,2208
"1536","Traffic Zone 222420000","197","Traffic Zone 212160000","9/16/2019 - 9/16/2019, Every day, Daily Average",1489,1045,2120
"1536","Traffic Zone 222420000","198","Traffic Zone 212330400","9/16/2019 - 9/16/2019, Every day, Daily Average",1498,1022,2195
"1536","Traffic Zone 222420000","200","Traffic Zone 212102000","9/16/2019 - 9/16/2019, Every day, Daily Average",1752,1330,2307
"1536","Traffic Zone 222420000","201","Traffic Zone 212101000","9/16/2019 - 9/16/2019, Every day, Daily Average",1574,1096,2259
"1536","Traffic Zone 222420000","203","Traffic Zone 212330100","9/16/2019 - 9/16/2019, Every day, Daily Average",1558,1093,2220
"1536","Traffic Zone 222420000","204","Traffic Zone 212380000","9/16/2019 - 9/16/2019, Every day, Daily Average",1418,944,2128
"1536","Traffic Zone 222420000","205","Traffic Zone 214390100","9/16/2019 - 9/16/2019, Every day, Daily Average",2093,1559,2809
"1536","Traffic Zone 222420000","207","Traffic Zone 212510000","9/16/2019 - 9/16/2019, Every day, Daily Average",1409,959,2068
"1536","Traffic Zone 222420000","208","Traffic Zone 212390000","9/16/2019 - 9/16/2019, Every day, Daily Average",1399,964,2028
"1536","Traffic Zone 222420000","209","Traffic Zone 212320300","9/16/2019 - 9/16/2019, Every day, Daily Average",1402,1191,1649
"1536","Traffic Zone 222420000","210","Traffic Zone 212241000","9/16/2019 - 9/16/2019, Every day, Daily Average",1481,1250,1753
"1536","Traffic Zone 222420000","212","Traffic Zone 212122000","9/16/2019 - 9/16/2019, Every day, Daily Average",1620,1342,1955
"1536","Traffic Zone 222420000","214","Traffic Zone 214330000","9/16/2019 - 9/16/2019, Every day, Daily Average",1289,866,1917
"1536","Traffic Zone 222420000","215","Traffic Zone 212520000","9/16/2019 - 9/16/2019, Every day, Daily Average",1392,914,2119
"1536","Traffic Zone 222420000","216","Traffic Zone 212410200","9/16/2019 - 9/16/2019, Every day, Daily Average",1414,911,2193
"1536","Traffic Zone 222420000","217","Traffic Zone 212410100","9/16/2019 - 9/16/2019, Every day, Daily Average",1532,1240,1892
"1536","Traffic Zone 222420000","218","Traffic Zone 212320500","9/16/2019 - 9/16/2019, Every day, Daily Average",1560,1271,1913
"1536","Traffic Zone 222420000","221","Traffic Zone 214380000","9/16/2019 - 9/16/2019, Every day, Daily Average",1735,1217,2471
"1536","Traffic Zone 222420000","222","Traffic Zone 212420200","9/16/2019 - 9/16/2019, Every day, Daily Average",1554,1024,2356
"1536","Traffic Zone 222420000","226","Traffic Zone 212540000","9/16/2019 - 9/16/2019, Every day, Daily Average",1455,980,2159
"1536","Traffic Zone 222420000","227","Traffic Zone 214320000","9/16/2019 - 9/16/2019, Every day, Daily Average",1276,845,1925
"1536","Traffic Zone 222420000","229","Traffic Zone 214360100","9/16/2019 - 9/16/2019, Every day, Daily Average",1239,803,1911
"1536","Traffic Zone 222420000","231","Traffic Zone 212532000","9/16/2019 - 9/16/2019, Every day, Daily Average",1592,1105,2292
"1536","Traffic Zone 222420000","232","Traffic Zone 212531000","9/16/2019 - 9/16/2019, Every day, Daily Average",1643,1036,2604
"1536","Traffic Zone 222420000","233","Traffic Zone 212550000","9/16/2019 - 9/16/2019, Every day, Daily Average",1735,1250,2407
"1536","Traffic Zone 222420000","237","Traffic Zone 212430000","9/16/2019 - 9/16/2019, Every day, Daily Average",1948,1291,2937
"1536","Traffic Zone 222420000","238","Traffic Zone 231050001","9/16/2019 - 9/16/2019, Every day, Daily Average",1689,1232,2315
"1536","Traffic Zone 222420000","239","Traffic Zone 212220000","9/16/2019 - 9/16/2019, Every day, Daily Average",1379,1120,1697
"1536","Traffic Zone 222420000","240","Traffic Zone 214370000","9/16/2019 - 9/16/2019, Every day, Daily Average",1238,815,1878
"1536","Traffic Zone 222420000","241","Traffic Zone 214310000","9/16/2019 - 9/16/2019, Every day, Daily Average",1875,1316,2670
"1536","Traffic Zone 222420000","242","Traffic Zone 212560000","9/16/2019 - 9/16/2019, Every day, Daily Average",1571,1185,2081
"1536","Traffic Zone 222420000","244","Traffic Zone 232000000","9/16/2019 - 9/16/2019, Every day, Daily Average",1413,1003,1988
"1536","Traffic Zone 222420000","247","Traffic Zone 231160002","9/16/2019 - 9/16/2019, Every day, Daily Average",1580,1175,2123
"1536","Traffic Zone 222420000","248","Traffic Zone 231100000","9/16/2019 - 9/16/2019, Every day, Daily Average",2133,1642,2769
"1536","Traffic Zone 222420000","249","Traffic Zone 231130000","9/16/2019 - 9/16/2019, Every day, Daily Average",2061,1521,2791
"1536","Traffic Zone 222420000","250","Traffic Zone 231050000","9/16/2019 - 9/16/2019, Every day, Daily Average",1700,1247,2316
"1536","Traffic Zone 222420000","251","Traffic Zone 231160001","9/16/2019 - 9/16/2019, Every day, Daily Average",1472,1115,1942
"1536","Traffic Zone 222420000","252","Traffic Zone 231150000","9/16/2019 - 9/16/2019, Every day, Daily Average",1614,1265,2058
"1536","Traffic Zone 222420000","253","Traffic Zone 231040000","9/16/2019 - 9/16/2019, Every day, Daily Average",1413,1043,1914
"1536","Traffic Zone 222420000","254","Traffic Zone 231160000","9/16/2019 - 9/16/2019, Every day, Daily Average",1563,1162,2100
"1536","Traffic Zone 222420000","255","Traffic Zone 231090000","9/16/2019 - 9/16/2019, Every day, Daily Average",1719,1287,2294
"1536","Traffic Zone 222420000","256","Traffic Zone 231060000","9/16/2019 - 9/16/2019, Every day, Daily Average",1372,995,1890
"1536","Traffic Zone 222420000","257","Traffic Zone 231080000","9/16/2019 - 9/16/2019, Every day, Daily Average",1760,1453,2131
"1536","Traffic Zone 222420000","258","Traffic Zone 231170000","9/16/2019 - 9/16/2019, Every day, Daily Average",1423,1056,1917
"1536","Traffic Zone 222420000","260","Traffic Zone 231070100","9/16/2019 - 9/16/2019, Every day, Daily Average",1321,939,1858
"1536","Traffic Zone 222420000","262","Traffic Zone 231070201","9/16/2019 - 9/16/2019, Every day, Daily Average",1307,933,1829
"1536","Traffic Zone 222420000","263","Traffic Zone 231180000","9/16/2019 - 9/16/2019, Every day, Daily Average",1328,912,1932
"1536","Traffic Zone 222420000","264","Traffic Zone 231070200","9/16/2019 - 9/16/2019, Every day, Daily Average",1317,925,1873
"1536","Traffic Zone 222420000","266","Traffic Zone 231070300","9/16/2019 - 9/16/2019, Every day, Daily Average",1260,894,1774
"1536","Traffic Zone 222420000","274","Traffic Zone 210660300","9/16/2019 - 9/16/2019, Every day, Daily Average",2257,1578,3228
"1536","Traffic Zone 222420000","283","Traffic Zone 210660200","9/16/2019 - 9/16/2019, Every day, Daily Average",1810,1297,2525
"1536","Traffic Zone 222420000","284","Traffic Zone 210651000","9/16/2019 - 9/16/2019, Every day, Daily Average",2102,1465,3015
"1536","Traffic Zone 222420000","287","Traffic Zone 210930000","9/16/2019 - 9/16/2019, Every day, Daily Average",2480,1776,3461
"1536","Traffic Zone 222420000","289","Traffic Zone 210660400","9/16/2019 - 9/16/2019, Every day, Daily Average",1761,1286,2411
"1536","Traffic Zone 222420000","290","Traffic Zone 210660600","9/16/2019 - 9/16/2019, Every day, Daily Average",1686,1221,2327
"1536","Traffic Zone 222420000","293","Traffic Zone 210660500","9/16/2019 - 9/16/2019, Every day, Daily Average",1660,1197,2300
"1536","Traffic Zone 222420000","294","Traffic Zone 210910000","9/16/2019 - 9/16/2019, Every day, Daily Average",1625,1163,2269
"1536","Traffic Zone 222420000","295","Traffic Zone 210940000","9/16/2019 - 9/16/2019, Every day, Daily Average",2066,1358,3142
"1536","Traffic Zone 222420000","303","Traffic Zone 210950000","9/16/2019 - 9/16/2019, Every day, Daily Average",1949,1319,2878
"1536","Traffic Zone 222420000","309","Traffic Zone 210440200","9/16/2019 - 9/16/2019, Every day, Daily Average",1762,1262,2458
"1536","Traffic Zone 222420000","313","Traffic Zone 210450000","9/16/2019 - 9/16/2019, Every day, Daily Average",1688,1228,2319
"1536","Traffic Zone 222420000","320","Traffic Zone 211900000","9/16/2019 - 9/16/2019, Every day, Daily Average",1642,1178,2288
"1536","Traffic Zone 222420000","323","Traffic Zone 210482000","9/16/2019 - 9/16/2019, Every day, Daily Average",1688,1211,2350
"1536","Traffic Zone 222420000","326","Traffic Zone 210611200","9/16/2019 - 9/16/2019, Every day, Daily Average",2599,1821,3708
"1536","Traffic Zone 222420000","331","Traffic Zone 212121000","9/16/2019 - 9/16/2019, Every day, Daily Average",1555,1156,2091
"1536","Traffic Zone 222420000","335","Traffic Zone 212110000","9/16/2019 - 9/16/2019, Every day, Daily Average",1590,1261,2003
"1536","Traffic Zone 222420000","336","Traffic Zone 210410400","9/16/2019 - 9/16/2019, Every day, Daily Average",2366,1727,3240
"1536","Traffic Zone 222420000","337","Traffic Zone 210210200","9/16/2019 - 9/16/2019, Every day, Daily Average",1337,1001,1785
"1536","Traffic Zone 222420000","338","Traffic Zone 210330000","9/16/2019 - 9/16/2019, Every day, Daily Average",2284,1672,3119
"1536","Traffic Zone 222420000","340","Traffic Zone 210340000","9/16/2019 - 9/16/2019, Every day, Daily Average",2195,1582,3044
"1536","Traffic Zone 222420000","344","Traffic Zone 210140000","9/16/2019 - 9/16/2019, Every day, Daily Average",1812,1244,2638
"1536","Traffic Zone 222420000","348","Traffic Zone 210130000","9/16/2019 - 9/16/2019, Every day, Daily Average",1760,1201,2578
"1536","Traffic Zone 222420000","350","Traffic Zone 280050201","9/16/2019 - 9/16/2019, Every day, Daily Average",2595,1924,3499
"1536","Traffic Zone 222420000","351","Traffic Zone 280050200","9/16/2019 - 9/16/2019, Every day, Daily Average",2466,1834,3315
"1536","Traffic Zone 222420000","352","Traffic Zone 280050100","9/16/2019 - 9/16/2019, Every day, Daily Average",2332,1693,3211
"1536","Traffic Zone 222420000","354","Traffic Zone 226260200","9/16/2019 - 9/16/2019, Every day, Daily Average",1993,1352,2936
"1536","Traffic Zone 222420000","355","Traffic Zone 226270100","9/16/2019 - 9/16/2019, Every day, Daily Average",1793,1199,2680
"1536","Traffic Zone 222420000","356","Traffic Zone 226250000","9/16/2019 - 9/16/2019, Every day, Daily Average",1780,1439,2200
"1536","Traffic Zone 222420000","357","Traffic Zone 226270200","9/16/2019 - 9/16/2019, Every day, Daily Average",1664,1121,2468
"1536","Traffic Zone 222420000","359","Traffic Zone 270130100","9/16/2019 - 9/16/2019, Every day, Daily Average",1413,968,2062
"1536","Traffic Zone 222420000","360","Traffic Zone 226280000","9/16/2019 - 9/16/2019, Every day, Daily Average",1577,1053,2359
"1536","Traffic Zone 222420000","361","Traffic Zone 270140000","9/16/2019 - 9/16/2019, Every day, Daily Average",1333,922,1926
"1536","Traffic Zone 222420000","362","Traffic Zone 270130200","9/16/2019 - 9/16/2019, Every day, Daily Average",1332,972,1823
"1536","Traffic Zone 222420000","363","Traffic Zone 270190001","9/16/2019 - 9/16/2019, Every day, Daily Average",1373,941,2002
"1536","Traffic Zone 222420000","364","Traffic Zone 270190000","9/16/2019 - 9/16/2019, Every day, Daily Average",1225,845,1774
"1536","Traffic Zone 222420000","365","Traffic Zone 270120100","9/16/2019 - 9/16/2019, Every day, Daily Average",1528,1128,2068
"1536","Traffic Zone 222420000","366","Traffic Zone 226230100","9/16/2019 - 9/16/2019, Every day, Daily Average",1338,969,1845
"1536","Traffic Zone 222420000","367","Traffic Zone 270150100","9/16/2019 - 9/16/2019, Every day, Daily Average",1280,896,1828
"1536","Traffic Zone 222420000","368","Traffic Zone 270120200","9/16/2019 - 9/16/2019, Every day, Daily Average",1403,1052,1870
"1536","Traffic Zone 222420000","369","Traffic Zone 270190002","9/16/2019 - 9/16/2019, Every day, Daily Average",1153,788,1685
"1536","Traffic Zone 222420000","370","Traffic Zone 270150200","9/16/2019 - 9/16/2019, Every day, Daily Average",1210,826,1770
"1536","Traffic Zone 222420000","371","Traffic Zone 226230300","9/16/2019 - 9/16/2019, Every day, Daily Average",1588,1132,2226
"1536","Traffic Zone 222420000","372","Traffic Zone 270200000","9/16/2019 - 9/16/2019, Every day, Daily Average",1294,904,1850
"1536","Traffic Zone 222420000","373","Traffic Zone 270170200","9/16/2019 - 9/16/2019, Every day, Daily Average",1099,802,1504
"1536","Traffic Zone 222420000","374","Traffic Zone 226400000","9/16/2019 - 9/16/2019, Every day, Daily Average",1287,999,1656
"1536","Traffic Zone 222420000","375","Traffic Zone 270210000","9/16/2019 - 9/16/2019, Every day, Daily Average",1405,1003,1967
"1536","Traffic Zone 222420000","376","Traffic Zone 270160100","9/16/2019 - 9/16/2019, Every day, Daily Average",1331,995,1780
"1536","Traffic Zone 222420000","377","Traffic Zone 270180200","9/16/2019 - 9/16/2019, Every day, Daily Average",1090,724,1638
"1536","Traffic Zone 222420000","378","Traffic Zone 227340000","9/16/2019 - 9/16/2019, Every day, Daily Average",1677,1178,2385
"1536","Traffic Zone 222420000","379","Traffic Zone 226430200","9/16/2019 - 9/16/2019, Every day, Daily Average",1458,1097,1936
"1536","Traffic Zone 222420000","380","Traffic Zone 226230200","9/16/2019 - 9/16/2019, Every day, Daily Average",1324,965,1816
"1536","Traffic Zone 222420000","381","Traffic Zone 270160200","9/16/2019 - 9/16/2019, Every day, Daily Average",1290,866,1920
"1536","Traffic Zone 222420000","382","Traffic Zone 270220100","9/16/2019 - 9/16/2019, Every day, Daily Average",1773,1096,2865
"1536","Traffic Zone 222420000","383","Traffic Zone 227330000","9/16/2019 - 9/16/2019, Every day, Daily Average",2007,1366,2948
"1536","Traffic Zone 222420000","384","Traffic Zone 270170100","9/16/2019 - 9/16/2019, Every day, Daily Average",1085,756,1556
"1536","Traffic Zone 222420000","385","Traffic Zone 270220101","9/16/2019 - 9/16/2019, Every day, Daily Average",1421,963,2095
"1536","Traffic Zone 222420000","386","Traffic Zone 227350000","9/16/2019 - 9/16/2019, Every day, Daily Average",1817,1327,2487
"1536","Traffic Zone 222420000","387","Traffic Zone 227320000","9/16/2019 - 9/16/2019, Every day, Daily Average",1525,1077,2158
"1536","Traffic Zone 222420000","388","Traffic Zone 270220200","9/16/2019 - 9/16/2019, Every day, Daily Average",1350,1045,1743
"1536","Traffic Zone 222420000","389","Traffic Zone 226220000","9/16/2019 - 9/16/2019, Every day, Daily Average",1389,941,2048
"1536","Traffic Zone 222420000","390","Traffic Zone 226410100","9/16/2019 - 9/16/2019, Every day, Daily Average",1330,992,1782
"1536","Traffic Zone 222420000","391","Traffic Zone 226740200","9/16/2019 - 9/16/2019, Every day, Daily Average",1495,1019,2192
"1536","Traffic Zone 222420000","392","Traffic Zone 270180100","9/16/2019 - 9/16/2019, Every day, Daily Average",1007,652,1554
"1536","Traffic Zone 222420000","393","Traffic Zone 227390000","9/16/2019 - 9/16/2019, Every day, Daily Average",1798,1327,2434
"1536","Traffic Zone 222420000","394","Traffic Zone 226430100","9/16/2019 - 9/16/2019, Every day, Daily Average",1219,866,1713
"1536","Traffic Zone 222420000","395","Traffic Zone 270180101","9/16/2019 - 9/16/2019, Every day, Daily Average",1257,825,1914
"1536","Traffic Zone 222420000","396","Traffic Zone 226750200","9/16/2019 - 9/16/2019, Every day, Daily Average",1123,809,1557
"1536","Traffic Zone 222420000","397","Traffic Zone 227420000","9/16/2019 - 9/16/2019, Every day, Daily Average",1804,1277,2548
"1536","Traffic Zone 222420000","398","Traffic Zone 227310000","9/16/2019 - 9/16/2019, Every day, Daily Average",1627,1150,2300
"1536","Traffic Zone 222420000","399","Traffic Zone 227360000","9/16/2019 - 9/16/2019, Every day, Daily Average",1695,1227,2340
"1536","Traffic Zone 222420000","400","Traffic Zone 270110000","9/16/2019 - 9/16/2019, Every day, Daily Average",1143,769,1697
"1536","Traffic Zone 222420000","401","Traffic Zone 226740100","9/16/2019 - 9/16/2019, Every day, Daily Average",1379,953,1994
"1536","Traffic Zone 222420000","402","Traffic Zone 270230000","9/16/2019 - 9/16/2019, Every day, Daily Average",973,624,1515
"1536","Traffic Zone 222420000","403","Traffic Zone 226750100","9/16/2019 - 9/16/2019, Every day, Daily Average",1411,962,2068
"1536","Traffic Zone 222420000","404","Traffic Zone 226210000","9/16/2019 - 9/16/2019, Every day, Daily Average",1946,1380,2743
"1536","Traffic Zone 222420000","405","Traffic Zone 227370000","9/16/2019 - 9/16/2019, Every day, Daily Average",1587,1161,2167
"1536","Traffic Zone 222420000","406","Traffic Zone 226760000","9/16/2019 - 9/16/2019, Every day, Daily Average",1119,719,1741
"1536","Traffic Zone 222420000","407","Traffic Zone 270110001","9/16/2019 - 9/16/2019, Every day, Daily Average",1101,714,1696
"1536","Traffic Zone 222420000","408","Traffic Zone 227380000","9/16/2019 - 9/16/2019, Every day, Daily Average",2211,1585,3082
"1536","Traffic Zone 222420000","409","Traffic Zone 227410000","9/16/2019 - 9/16/2019, Every day, Daily Average",1697,1195,2408
"1536","Traffic Zone 222420000","410","Traffic Zone 270290100","9/16/2019 - 9/16/2019, Every day, Daily Average",1635,1155,2312
"1536","Traffic Zone 222420000","411","Traffic Zone 226730000","9/16/2019 - 9/16/2019, Every day, Daily Average",1042,662,1639
"1536","Traffic Zone 222420000","412","Traffic Zone 227140000","9/16/2019 - 9/16/2019, Every day, Daily Average",1168,816,1669
"1536","Traffic Zone 222420000","413","Traffic Zone 227130000","9/16/2019 - 9/16/2019, Every day, Daily Average",932,602,1440
"1536","Traffic Zone 222420000","415","Traffic Zone 227210000","9/16/2019 - 9/16/2019, Every day, Daily Average",1392,957,2024
"1536","Traffic Zone 222420000","416","Traffic Zone 226770000","9/16/2019 - 9/16/2019, Every day, Daily Average",998,618,1609
"1536","Traffic Zone 222420000","417","Traffic Zone 227540000","9/16/2019 - 9/16/2019, Every day, Daily Average",1848,1223,2790
"1536","Traffic Zone 222420000","418","Traffic Zone 227120000","9/16/2019 - 9/16/2019, Every day, Daily Average",858,551,1335
"1536","Traffic Zone 222420000","419","Traffic Zone 227150000","9/16/2019 - 9/16/2019, Every day, Daily Average",1397,974,2002
"1536","Traffic Zone 222420000","420","Traffic Zone 227220000","9/16/2019 - 9/16/2019, Every day, Daily Average",1401,982,1998
"1536","Traffic Zone 222420000","421","Traffic Zone 227530201","9/16/2019 - 9/16/2019, Every day, Daily Average",1548,1029,2327
"1536","Traffic Zone 222420000","422","Traffic Zone 227530200","9/16/2019 - 9/16/2019, Every day, Daily Average",1575,1047,2368
"1536","Traffic Zone 222420000","423","Traffic Zone 227660100","9/16/2019 - 9/16/2019, Every day, Daily Average",1696,1217,2362
"1536","Traffic Zone 222420000","424","Traffic Zone 270280300","9/16/2019 - 9/16/2019, Every day, Daily Average",1462,1047,2040
"1536","Traffic Zone 222420000","425","Traffic Zone 227160000","9/16/2019 - 9/16/2019, Every day, Daily Average",1693,1116,2566
"1536","Traffic Zone 222420000","426","Traffic Zone 227190000","9/16/2019 - 9/16/2019, Every day, Daily Average",1357,889,2070
"1536","Traffic Zone 222420000","427","Traffic Zone 227230200","9/16/2019 - 9/16/2019, Every day, Daily Average",1207,860,1692
"1536","Traffic Zone 222420000","428","Traffic Zone 227110000","9/16/2019 - 9/16/2019, Every day, Daily Average",819,517,1295
"1536","Traffic Zone 222420000","429","Traffic Zone 227170200","9/16/2019 - 9/16/2019, Every day, Daily Average",862,567,1309
"1536","Traffic Zone 222420000","430","Traffic Zone 227531100","9/16/2019 - 9/16/2019, Every day, Daily Average",1514,1003,2284
"1536","Traffic Zone 222420000","431","Traffic Zone 227230100","9/16/2019 - 9/16/2019, Every day, Daily Average",1151,804,1646
"1536","Traffic Zone 222420000","432","Traffic Zone 227520000","9/16/2019 - 9/16/2019, Every day, Daily Average",1092,856,1392
"1536","Traffic Zone 222420000","433","Traffic Zone 227560103","9/16/2019 - 9/16/2019, Every day, Daily Average",1606,1047,2461
"1536","Traffic Zone 222420000","434","Traffic Zone 227180100","9/16/2019 - 9/16/2019, Every day, Daily Average",930,611,1414
"1536","Traffic Zone 222420000","435","Traffic Zone 227170100","9/16/2019 - 9/16/2019, Every day, Daily Average",785,487,1263
"1536","Traffic Zone 222420000","436","Traffic Zone 227551000","9/16/2019 - 9/16/2019, Every day, Daily Average",1137,803,1608
"1536","Traffic Zone 222420000","437","Traffic Zone 227560100","9/16/2019 - 9/16/2019, Every day, Daily Average",1704,1147,2529
"1536","Traffic Zone 222420000","438","Traffic Zone 227180200","9/16/2019 - 9/16/2019, Every day, Daily Average",1180,732,1901
"1536","Traffic Zone 222420000","440","Traffic Zone 227560101","9/16/2019 - 9/16/2019, Every day, Daily Average",1511,991,2302
"1536","Traffic Zone 222420000","441","Traffic Zone 227510000","9/16/2019 - 9/16/2019, Every day, Daily Average",1020,697,1491
"1536","Traffic Zone 222420000","442","Traffic Zone 227560102","9/16/2019 - 9/16/2019, Every day, Daily Average",1292,841,1983
"1536","Traffic Zone 222420000","443","Traffic Zone 226541000","9/16/2019 - 9/16/2019, Every day, Daily Average",1271,926,1744
"1536","Traffic Zone 222420000","444","Traffic Zone 226542000","9/16/2019 - 9/16/2019, Every day, Daily Average",1358,893,2064
"1536","Traffic Zone 222420000","445","Traffic Zone 226530300","9/16/2019 - 9/16/2019, Every day, Daily Average",1479,1012,2159
"1536","Traffic Zone 222420000","446","Traffic Zone 226530400","9/16/2019 - 9/16/2019, Every day, Daily Average",1429,994,2053
"1536","Traffic Zone 222420000","447","Traffic Zone 226530104","9/16/2019 - 9/16/2019, Every day, Daily Average",1554,1070,2254
"1536","Traffic Zone 222420000","448","Traffic Zone 226530500","9/16/2019 - 9/16/2019, Every day, Daily Average",1320,866,2011
"1536","Traffic Zone 222420000","449","Traffic Zone 226530103","9/16/2019 - 9/16/2019, Every day, Daily Average",1735,1146,2625
"1536","Traffic Zone 222420000","450","Traffic Zone 226530102","9/16/2019 - 9/16/2019, Every day, Daily Average",1461,940,2269
"1536","Traffic Zone 222420000","451","Traffic Zone 226551000","9/16/2019 - 9/16/2019, Every day, Daily Average",1233,810,1876
"1536","Traffic Zone 222420000","452","Traffic Zone 226530101","9/16/2019 - 9/16/2019, Every day, Daily Average",1461,926,2304
"1536","Traffic Zone 222420000","454","Traffic Zone 226530100","9/16/2019 - 9/16/2019, Every day, Daily Average",1859,1274,2711
"1536","Traffic Zone 222420000","455","Traffic Zone 226552000","9/16/2019 - 9/16/2019, Every day, Daily Average",1132,712,1798
"1536","Traffic Zone 222420000","456","Traffic Zone 226530105","9/16/2019 - 9/16/2019, Every day, Daily Average",1866,1263,2754
"1536","Traffic Zone 222420000","457","Traffic Zone 226520000","9/16/2019 - 9/16/2019, Every day, Daily Average",1393,886,2188
"1536","Traffic Zone 222420000","458","Traffic Zone 226720000","9/16/2019 - 9/16/2019, Every day, Daily Average",1356,849,2165
"1536","Traffic Zone 222420000","459","Traffic Zone 226560000","9/16/2019 - 9/16/2019, Every day, Daily Average",1234,824,1846
"1536","Traffic Zone 222420000","460","Traffic Zone 226780000","9/16/2019 - 9/16/2019, Every day, Daily Average",929,591,1458
"1536","Traffic Zone 222420000","461","Traffic Zone 226710001","9/16/2019 - 9/16/2019, Every day, Daily Average",1125,801,1579
"1536","Traffic Zone 222420000","462","Traffic Zone 226510000","9/16/2019 - 9/16/2019, Every day, Daily Average",1561,1024,2378
"1536","Traffic Zone 222420000","463","Traffic Zone 226710002","9/16/2019 - 9/16/2019, Every day, Daily Average",1228,883,1706
"1536","Traffic Zone 222420000","464","Traffic Zone 226570000","9/16/2019 - 9/16/2019, Every day, Daily Average",1472,1000,2165
"1536","Traffic Zone 222420000","465","Traffic Zone 226790001","9/16/2019 - 9/16/2019, Every day, Daily Average",994,725,1362
"1536","Traffic Zone 222420000","466","Traffic Zone 226710003","9/16/2019 - 9/16/2019, Every day, Daily Average",1379,963,1973
"1536","Traffic Zone 222420000","468","Traffic Zone 270280200","9/16/2019 - 9/16/2019, Every day, Daily Average",959,658,1396
"1536","Traffic Zone 222420000","469","Traffic Zone 226710004","9/16/2019 - 9/16/2019, Every day, Daily Average",1618,1130,2315
"1536","Traffic Zone 222420000","470","Traffic Zone 270070000","9/16/2019 - 9/16/2019, Every day, Daily Average",1669,1198,2323
"1536","Traffic Zone 222420000","471","Traffic Zone 226930000","9/16/2019 - 9/16/2019, Every day, Daily Average",772,476,1250
"1536","Traffic Zone 222420000","472","Traffic Zone 226790000","9/16/2019 - 9/16/2019, Every day, Daily Average",1313,902,1910
"1536","Traffic Zone 222420000","473","Traffic Zone 270280100","9/16/2019 - 9/16/2019, Every day, Daily Average",1418,913,2201
"1536","Traffic Zone 222420000","474","Traffic Zone 226990200","9/16/2019 - 9/16/2019, Every day, Daily Average",1171,689,1988
"1536","Traffic Zone 222420000","475","Traffic Zone 270280101","9/16/2019 - 9/16/2019, Every day, Daily Average",1441,1007,2061
"1536","Traffic Zone 222420000","477","Traffic Zone 270100001","9/16/2019 - 9/16/2019, Every day, Daily Average",1328,972,1812
"1536","Traffic Zone 222420000","478","Traffic Zone 270100000","9/16/2019 - 9/16/2019, Every day, Daily Average",1403,1077,1826
"1536","Traffic Zone 222420000","479","Traffic Zone 226990100","9/16/2019 - 9/16/2019, Every day, Daily Average",1080,615,1893
"1536","Traffic Zone 222420000","480","Traffic Zone 226900000","9/16/2019 - 9/16/2019, Every day, Daily Average",773,465,1282
"1536","Traffic Zone 222420000","481","Traffic Zone 270270000","9/16/2019 - 9/16/2019, Every day, Daily Average",1370,961,1951
"1536","Traffic Zone 222420000","482","Traffic Zone 270260001","9/16/2019 - 9/16/2019, Every day, Daily Average",1226,794,1891
"1536","Traffic Zone 222420000","483","Traffic Zone 270080001","9/16/2019 - 9/16/2019, Every day, Daily Average",1535,1204,1955
"1536","Traffic Zone 222420000","484","Traffic Zone 270060000","9/16/2019 - 9/16/2019, Every day, Daily Average",1795,1392,2313
"1536","Traffic Zone 222420000","485","Traffic Zone 270250100","9/16/2019 - 9/16/2019, Every day, Daily Average",1414,872,2292
"1536","Traffic Zone 222420000","486","Traffic Zone 226980000","9/16/2019 - 9/16/2019, Every day, Daily Average",678,411,1117
"1536","Traffic Zone 222420000","487","Traffic Zone 227010000","9/16/2019 - 9/16/2019, Every day, Daily Average",715,434,1176
"1536","Traffic Zone 222420000","488","Traffic Zone 270080002","9/16/2019 - 9/16/2019, Every day, Daily Average",1583,1194,2097
"1536","Traffic Zone 222420000","489","Traffic Zone 226910000","9/16/2019 - 9/16/2019, Every day, Daily Average",1162,812,1662
"1536","Traffic Zone 222420000","490","Traffic Zone 270090201","9/16/2019 - 9/16/2019, Every day, Daily Average",1241,915,1682
"1536","Traffic Zone 222420000","491","Traffic Zone 270090200","9/16/2019 - 9/16/2019, Every day, Daily Average",1423,1043,1941
"1536","Traffic Zone 222420000","492","Traffic Zone 226950000","9/16/2019 - 9/16/2019, Every day, Daily Average",830,570,1207
"1536","Traffic Zone 222420000","493","Traffic Zone 270260000","9/16/2019 - 9/16/2019, Every day, Daily Average",1554,1225,1970
"1536","Traffic Zone 222420000","494","Traffic Zone 270300100","9/16/2019 - 9/16/2019, Every day, Daily Average",1379,897,2118
"1536","Traffic Zone 222420000","495","Traffic Zone 270080003","9/16/2019 - 9/16/2019, Every day, Daily Average",1441,1052,1973
"1536","Traffic Zone 222420000","496","Traffic Zone 270250200","9/16/2019 - 9/16/2019, Every day, Daily Average",1319,884,1967
"1536","Traffic Zone 222420000","497","Traffic Zone 270240000","9/16/2019 - 9/16/2019, Every day, Daily Average",1266,807,1984
"1536","Traffic Zone 222420000","498","Traffic Zone 270050000","9/16/2019 - 9/16/2019, Every day, Daily Average",1557,1197,2024
"1536","Traffic Zone 222420000","500","Traffic Zone 270300102","9/16/2019 - 9/16/2019, Every day, Daily Average",1719,1269,2328
"1536","Traffic Zone 222420000","501","Traffic Zone 221490001","9/16/2019 - 9/16/2019, Every day, Daily Average",1329,963,1833
"1536","Traffic Zone 222420000","502","Traffic Zone 270090100","9/16/2019 - 9/16/2019, Every day, Daily Average",1052,730,1515
"1536","Traffic Zone 222420000","503","Traffic Zone 226970000","9/16/2019 - 9/16/2019, Every day, Daily Average",604,369,988
"1536","Traffic Zone 222420000","504","Traffic Zone 270040001","9/16/2019 - 9/16/2019, Every day, Daily Average",1425,1044,1944
"1536","Traffic Zone 222420000","505","Traffic Zone 227020000","9/16/2019 - 9/16/2019, Every day, Daily Average",1025,517,2028
"1536","Traffic Zone 222420000","506","Traffic Zone 221700000","9/16/2019 - 9/16/2019, Every day, Daily Average",876,581,1318
"1536","Traffic Zone 222420000","507","Traffic Zone 226960000","9/16/2019 - 9/16/2019, Every day, Daily Average",704,471,1051
"1536","Traffic Zone 222420000","508","Traffic Zone 270300101","9/16/2019 - 9/16/2019, Every day, Daily Average",1443,962,2164
"1536","Traffic Zone 222420000","509","Traffic Zone 270050001","9/16/2019 - 9/16/2019, Every day, Daily Average",1571,1220,2022
"1536","Traffic Zone 222420000","510","Traffic Zone 221640000","9/16/2019 - 9/16/2019, Every day, Daily Average",992,683,1439
"1536","Traffic Zone 222420000","511","Traffic Zone 221490000","9/16/2019 - 9/16/2019, Every day, Daily Average",1210,864,1693
"1536","Traffic Zone 222420000","512","Traffic Zone 270240001","9/16/2019 - 9/16/2019, Every day, Daily Average",980,591,1624
"1536","Traffic Zone 222420000","513","Traffic Zone 270080004","9/16/2019 - 9/16/2019, Every day, Daily Average",1105,793,1539
"1536","Traffic Zone 222420000","514","Traffic Zone 270040000","9/16/2019 - 9/16/2019, Every day, Daily Average",1396,1026,1899
"1536","Traffic Zone 222420000","515","Traffic Zone 219420000","9/16/2019 - 9/16/2019, Every day, Daily Average",1868,1259,2770
"1536","Traffic Zone 222420000","516","Traffic Zone 270300200","9/16/2019 - 9/16/2019, Every day, Daily Average",1439,1021,2026
"1536","Traffic Zone 222420000","517","Traffic Zone 221480000","9/16/2019 - 9/16/2019, Every day, Daily Average",1304,899,1890
"1536","Traffic Zone 222420000","518","Traffic Zone 270030000","9/16/2019 - 9/16/2019, Every day, Daily Average",1630,1234,2151
"1536","Traffic Zone 222420000","519","Traffic Zone 221670000","9/16/2019 - 9/16/2019, Every day, Daily Average",759,531,1083
"1536","Traffic Zone 222420000","520","Traffic Zone 227030000","9/16/2019 - 9/16/2019, Every day, Daily Average",533,328,864
"1536","Traffic Zone 222420000","521","Traffic Zone 223600000","9/16/2019 - 9/16/2019, Every day, Daily Average",1042,658,1648
"1536","Traffic Zone 222420000","522","Traffic Zone 221680000","9/16/2019 - 9/16/2019, Every day, Daily Average",908,636,1294
"1536","Traffic Zone 222420000","523","Traffic Zone 219450000","9/16/2019 - 9/16/2019, Every day, Daily Average",1349,1008,1804
"1536","Traffic Zone 222420000","524","Traffic Zone 221630000","9/16/2019 - 9/16/2019, Every day, Daily Average",1028,708,1490
"1536","Traffic Zone 222420000","525","Traffic Zone 219440000","9/16/2019 - 9/16/2019, Every day, Daily Average",1519,1155,1996
"1536","Traffic Zone 222420000","526","Traffic Zone 221990000","9/16/2019 - 9/16/2019, Every day, Daily Average",937,585,1499
"1536","Traffic Zone 222420000","527","Traffic Zone 222010000","9/16/2019 - 9/16/2019, Every day, Daily Average",922,547,1553
"1536","Traffic Zone 222420000","528","Traffic Zone 221470000","9/16/2019 - 9/16/2019, Every day, Daily Average",1278,892,1829
"1536","Traffic Zone 222420000","529","Traffic Zone 221460000","9/16/2019 - 9/16/2019, Every day, Daily Average",1331,1009,1754
"1536","Traffic Zone 222420000","530","Traffic Zone 270020000","9/16/2019 - 9/16/2019, Every day, Daily Average",1675,1182,2373
"1536","Traffic Zone 222420000","531","Traffic Zone 221690000","9/16/2019 - 9/16/2019, Every day, Daily Average",918,604,1394
"1536","Traffic Zone 222420000","532","Traffic Zone 221840000","9/16/2019 - 9/16/2019, Every day, Daily Average",459,282,745
"1536","Traffic Zone 222420000","533","Traffic Zone 221630001","9/16/2019 - 9/16/2019, Every day, Daily Average",1142,825,1579
"1536","Traffic Zone 222420000","534","Traffic Zone 221830000","9/16/2019 - 9/16/2019, Every day, Daily Average",709,440,1141
"1536","Traffic Zone 222420000","535","Traffic Zone 219410000","9/16/2019 - 9/16/2019, Every day, Daily Average",1430,928,2202
"1536","Traffic Zone 222420000","536","Traffic Zone 218980000","9/16/2019 - 9/16/2019, Every day, Daily Average",1448,990,2117
"1536","Traffic Zone 222420000","537","Traffic Zone 221440000","9/16/2019 - 9/16/2019, Every day, Daily Average",1600,1290,1984
"1536","Traffic Zone 222420000","538","Traffic Zone 221980000","9/16/2019 - 9/16/2019, Every day, Daily Average",669,415,1076
"1536","Traffic Zone 222420000","539","Traffic Zone 270310000","9/16/2019 - 9/16/2019, Every day, Daily Average",1129,794,1605
"1536","Traffic Zone 222420000","540","Traffic Zone 221710000","9/16/2019 - 9/16/2019, Every day, Daily Average",1004,700,1438
"1536","Traffic Zone 222420000","541","Traffic Zone 221450000","9/16/2019 - 9/16/2019, Every day, Daily Average",1372,1004,1873
"1536","Traffic Zone 222420000","542","Traffic Zone 223620200","9/16/2019 - 9/16/2019, Every day, Daily Average",742,499,1102
"1536","Traffic Zone 222420000","543","Traffic Zone 221510000","9/16/2019 - 9/16/2019, Every day, Daily Average",1148,791,1665
"1536","Traffic Zone 222420000","544","Traffic Zone 219200000","9/16/2019 - 9/16/2019, Every day, Daily Average",1432,1133,1809
"1536","Traffic Zone 222420000","545","Traffic Zone 270010000","9/16/2019 - 9/16/2019, Every day, Daily Average",1348,929,1954
"1536","Traffic Zone 222420000","546","Traffic Zone 221850000","9/16/2019 - 9/16/2019, Every day, Daily Average",409,251,665
"1536","Traffic Zone 222420000","547","Traffic Zone 223640000","9/16/2019 - 9/16/2019, Every day, Daily Average",1054,786,1412
"1536","Traffic Zone 222420000","548","Traffic Zone 221970000","9/16/2019 - 9/16/2019, Every day, Daily Average",812,512,1285
"1536","Traffic Zone 222420000","549","Traffic Zone 223510000","9/16/2019 - 9/16/2019, Every day, Daily Average",1246,942,1648
"1536","Traffic Zone 222420000","550","Traffic Zone 218990200","9/16/2019 - 9/16/2019, Every day, Daily Average",1389,975,1977
"1536","Traffic Zone 222420000","551","Traffic Zone 221400000","9/16/2019 - 9/16/2019, Every day, Daily Average",1374,1041,1812
"1536","Traffic Zone 222420000","552","Traffic Zone 218990100","9/16/2019 - 9/16/2019, Every day, Daily Average",1376,903,2094
"1536","Traffic Zone 222420000","553","Traffic Zone 221620000","9/16/2019 - 9/16/2019, Every day, Daily Average",938,654,1343
"1536","Traffic Zone 222420000","554","Traffic Zone 223620100","9/16/2019 - 9/16/2019, Every day, Daily Average",878,620,1241
"1536","Traffic Zone 222420000","555","Traffic Zone 221860000","9/16/2019 - 9/16/2019, Every day, Daily Average",360,220,587
"1536","Traffic Zone 222420000","556","Traffic Zone 223610000","9/16/2019 - 9/16/2019, Every day, Daily Average",937,672,1305
"1536","Traffic Zone 222420000","557","Traffic Zone 221821000","9/16/2019 - 9/16/2019, Every day, Daily Average",866,570,1313
"1536","Traffic Zone 222420000","558","Traffic Zone 221720000","9/16/2019 - 9/16/2019, Every day, Daily Average",773,530,1125
"1536","Traffic Zone 222420000","559","Traffic Zone 218970200","9/16/2019 - 9/16/2019, Every day, Daily Average",1152,783,1694
"1536","Traffic Zone 222420000","560","Traffic Zone 219010000","9/16/2019 - 9/16/2019, Every day, Daily Average",1287,882,1877
"1536","Traffic Zone 222420000","561","Traffic Zone 270320000","9/16/2019 - 9/16/2019, Every day, Daily Average",1086,799,1474
"1536","Traffic Zone 222420000","562","Traffic Zone 221950000","9/16/2019 - 9/16/2019, Every day, Daily Average",829,566,1212
"1536","Traffic Zone 222420000","563","Traffic Zone 222000000","9/16/2019 - 9/16/2019, Every day, Daily Average",685,457,1025
"1536","Traffic Zone 222420000","564","Traffic Zone 221410000","9/16/2019 - 9/16/2019, Every day, Daily Average",1352,1005,1817
"1536","Traffic Zone 222420000","565","Traffic Zone 219190000","9/16/2019 - 9/16/2019, Every day, Daily Average",1274,883,1837
"1536","Traffic Zone 222420000","566","Traffic Zone 221610000","9/16/2019 - 9/16/2019, Every day, Daily Average",838,560,1252
"1536","Traffic Zone 222420000","567","Traffic Zone 221822000","9/16/2019 - 9/16/2019, Every day, Daily Average",629,398,993
"1536","Traffic Zone 222420000","568","Traffic Zone 219070000","9/16/2019 - 9/16/2019, Every day, Daily Average",1182,771,1810
"1536","Traffic Zone 222420000","569","Traffic Zone 221870000","9/16/2019 - 9/16/2019, Every day, Daily Average",310,191,501
"1536","Traffic Zone 222420000","570","Traffic Zone 223490000","9/16/2019 - 9/16/2019, Every day, Daily Average",1030,784,1351
"1536","Traffic Zone 222420000","571","Traffic Zone 221100000","9/16/2019 - 9/16/2019, Every day, Daily Average",1040,746,1449
"1536","Traffic Zone 222420000","572","Traffic Zone 221930000","9/16/2019 - 9/16/2019, Every day, Daily Average",624,412,944
"1536","Traffic Zone 222420000","573","Traffic Zone 219020000","9/16/2019 - 9/16/2019, Every day, Daily Average",1191,799,1773
"1536","Traffic Zone 222420000","574","Traffic Zone 223520200","9/16/2019 - 9/16/2019, Every day, Daily Average",998,759,1312
"1536","Traffic Zone 222420000","575","Traffic Zone 223420000","9/16/2019 - 9/16/2019, Every day, Daily Average",904,633,1289
"1536","Traffic Zone 222420000","576","Traffic Zone 221280000","9/16/2019 - 9/16/2019, Every day, Daily Average",774,502,1192
"1536","Traffic Zone 222420000","577","Traffic Zone 223430000","9/16/2019 - 9/16/2019, Every day, Daily Average",900,652,1240
"1536","Traffic Zone 222420000","578","Traffic Zone 218960000","9/16/2019 - 9/16/2019, Every day, Daily Average",999,646,1542
"1536","Traffic Zone 222420000","579","Traffic Zone 221811000","9/16/2019 - 9/16/2019, Every day, Daily Average",587,381,902
"1536","Traffic Zone 222420000","580","Traffic Zone 223470000","9/16/2019 - 9/16/2019, Every day, Daily Average",1027,724,1456
"1536","Traffic Zone 222420000","581","Traffic Zone 219230000","9/16/2019 - 9/16/2019, Every day, Daily Average",1310,974,1761
"1536","Traffic Zone 222420000","582","Traffic Zone 223460000","9/16/2019 - 9/16/2019, Every day, Daily Average",974,675,1404
"1536","Traffic Zone 222420000","583","Traffic Zone 219182000","9/16/2019 - 9/16/2019, Every day, Daily Average",1231,851,1779
"1536","Traffic Zone 222420000","584","Traffic Zone 219181000","9/16/2019 - 9/16/2019, Every day, Daily Average",1117,714,1745
"1536","Traffic Zone 222420000","585","Traffic Zone 219080000","9/16/2019 - 9/16/2019, Every day, Daily Average",1070,696,1644
"1536","Traffic Zone 222420000","586","Traffic Zone 218970100","9/16/2019 - 9/16/2019, Every day, Daily Average",1068,703,1622
"1536","Traffic Zone 222420000","587","Traffic Zone 223450000","9/16/2019 - 9/16/2019, Every day, Daily Average",983,679,1421
"1536","Traffic Zone 222420000","588","Traffic Zone 221270000","9/16/2019 - 9/16/2019, Every day, Daily Average",713,451,1125
"1536","Traffic Zone 222420000","589","Traffic Zone 221890000","9/16/2019 - 9/16/2019, Every day, Daily Average",425,269,670
"1536","Traffic Zone 222420000","590","Traffic Zone 221902000","9/16/2019 - 9/16/2019, Every day, Daily Average",695,463,1042
"1536","Traffic Zone 222420000","591","Traffic Zone 221901000","9/16/2019 - 9/16/2019, Every day, Daily Average",582,385,878
"1536","Traffic Zone 222420000","592","Traffic Zone 221880000","9/16/2019 - 9/16/2019, Every day, Daily Average",251,157,399
"1536","Traffic Zone 222420000","593","Traffic Zone 223520100","9/16/2019 - 9/16/2019, Every day, Daily Average",886,663,1183
"1536","Traffic Zone 222420000","594","Traffic Zone 223480000","9/16/2019 - 9/16/2019, Every day, Daily Average",1002,686,1462
"1536","Traffic Zone 222420000","595","Traffic Zone 223400000","9/16/2019 - 9/16/2019, Every day, Daily Average",807,573,1135
"1536","Traffic Zone 222420000","596","Traffic Zone 221290000","9/16/2019 - 9/16/2019, Every day, Daily Average",610,396,938
"1536","Traffic Zone 222420000","597","Traffic Zone 218950000","9/16/2019 - 9/16/2019, Every day, Daily Average",990,649,1508
"1536","Traffic Zone 222420000","598","Traffic Zone 221812000","9/16/2019 - 9/16/2019, Every day, Daily Average",481,311,741
"1536","Traffic Zone 222420000","599","Traffic Zone 219100000","9/16/2019 - 9/16/2019, Every day, Daily Average",967,632,1479
"1536","Traffic Zone 222420000","600","Traffic Zone 219171000","9/16/2019 - 9/16/2019, Every day, Daily Average",1019,662,1567
"1536","Traffic Zone 222420000","601","Traffic Zone 219090200","9/16/2019 - 9/16/2019, Every day, Daily Average",979,623,1537
"1536","Traffic Zone 222420000","602","Traffic Zone 219241000","9/16/2019 - 9/16/2019, Every day, Daily Average",1188,847,1664
"1536","Traffic Zone 222420000","603","Traffic Zone 221170100","9/16/2019 - 9/16/2019, Every day, Daily Average",953,656,1382
"1536","Traffic Zone 222420000","604","Traffic Zone 219030100","9/16/2019 - 9/16/2019, Every day, Daily Average",899,570,1416
"1536","Traffic Zone 222420000","605","Traffic Zone 218940000","9/16/2019 - 9/16/2019, Every day, Daily Average",1113,745,1660
"1536","Traffic Zone 222420000","606","Traffic Zone 221150000","9/16/2019 - 9/16/2019, Every day, Daily Average",1096,799,1501
"1536","Traffic Zone 222420000","607","Traffic Zone 221261000","9/16/2019 - 9/16/2019, Every day, Daily Average",785,538,1144
"1536","Traffic Zone 222420000","608","Traffic Zone 222200000","9/16/2019 - 9/16/2019, Every day, Daily Average",582,358,943
"1536","Traffic Zone 222420000","609","Traffic Zone 222140000","9/16/2019 - 9/16/2019, Every day, Daily Average",208,127,338
"1536","Traffic Zone 222420000","610","Traffic Zone 223140000","9/16/2019 - 9/16/2019, Every day, Daily Average",696,478,1011
"1536","Traffic Zone 222420000","611","Traffic Zone 221262000","9/16/2019 - 9/16/2019, Every day, Daily Average",674,449,1010
"1536","Traffic Zone 222420000","612","Traffic Zone 221310000","9/16/2019 - 9/16/2019, Every day, Daily Average",617,390,973
"1536","Traffic Zone 222420000","613","Traffic Zone 223810000","9/16/2019 - 9/16/2019, Every day, Daily Average",911,677,1225
"1536","Traffic Zone 222420000","614","Traffic Zone 223790000","9/16/2019 - 9/16/2019, Every day, Daily Average",958,689,1331
"1536","Traffic Zone 222420000","615","Traffic Zone 223730000","9/16/2019 - 9/16/2019, Every day, Daily Average",755,552,1032
"1536","Traffic Zone 222420000","616","Traffic Zone 219172000","9/16/2019 - 9/16/2019, Every day, Daily Average",945,598,1493
"1536","Traffic Zone 222420000","617","Traffic Zone 219090100","9/16/2019 - 9/16/2019, Every day, Daily Average",812,511,1288
"1536","Traffic Zone 222420000","618","Traffic Zone 218930000","9/16/2019 - 9/16/2019, Every day, Daily Average",1212,752,1952
"1536","Traffic Zone 222420000","619","Traffic Zone 222130200","9/16/2019 - 9/16/2019, Every day, Daily Average",397,246,638
"1536","Traffic Zone 222420000","620","Traffic Zone 223250000","9/16/2019 - 9/16/2019, Every day, Daily Average",733,548,980
"1536","Traffic Zone 222420000","621","Traffic Zone 222130100","9/16/2019 - 9/16/2019, Every day, Daily Average",470,306,721
"1536","Traffic Zone 222420000","622","Traffic Zone 223240000","9/16/2019 - 9/16/2019, Every day, Daily Average",803,436,1478
"1536","Traffic Zone 222420000","623","Traffic Zone 221170200","9/16/2019 - 9/16/2019, Every day, Daily Average",905,621,1317
"1536","Traffic Zone 222420000","624","Traffic Zone 223150000","9/16/2019 - 9/16/2019, Every day, Daily Average",662,457,956
"1536","Traffic Zone 222420000","625","Traffic Zone 219051000","9/16/2019 - 9/16/2019, Every day, Daily Average",839,536,1311
"1536","Traffic Zone 222420000","626","Traffic Zone 219242000","9/16/2019 - 9/16/2019, Every day, Daily Average",1057,713,1565
"1536","Traffic Zone 222420000","627","Traffic Zone 223800000","9/16/2019 - 9/16/2019, Every day, Daily Average",956,628,1453
"1536","Traffic Zone 222420000","628","Traffic Zone 223840000","9/16/2019 - 9/16/2019, Every day, Daily Average",996,735,1349
"1536","Traffic Zone 222420000","629","Traffic Zone 223720000","9/16/2019 - 9/16/2019, Every day, Daily Average",815,583,1138
"1536","Traffic Zone 222420000","630","Traffic Zone 221141000","9/16/2019 - 9/16/2019, Every day, Daily Average",1103,814,1493
"1536","Traffic Zone 222420000","631","Traffic Zone 219251000","9/16/2019 - 9/16/2019, Every day, Daily Average",969,650,1442
"1536","Traffic Zone 222420000","632","Traffic Zone 221250000","9/16/2019 - 9/16/2019, Every day, Daily Average",733,492,1091
"1536","Traffic Zone 222420000","633","Traffic Zone 223130000","9/16/2019 - 9/16/2019, Every day, Daily Average",645,414,1004
"1536","Traffic Zone 222420000","634","Traffic Zone 222250000","9/16/2019 - 9/16/2019, Every day, Daily Average",560,348,900
"1536","Traffic Zone 222420000","635","Traffic Zone 222150000","9/16/2019 - 9/16/2019, Every day, Daily Average",165,99,274
"1536","Traffic Zone 222420000","636","Traffic Zone 221180200","9/16/2019 - 9/16/2019, Every day, Daily Average",836,570,1225
"1536","Traffic Zone 222420000","637","Traffic Zone 221180100","9/16/2019 - 9/16/2019, Every day, Daily Average",951,687,1316
"1536","Traffic Zone 222420000","638","Traffic Zone 221320200","9/16/2019 - 9/16/2019, Every day, Daily Average",452,289,704
"1536","Traffic Zone 222420000","639","Traffic Zone 221320100","9/16/2019 - 9/16/2019, Every day, Daily Average",523,345,791
"1536","Traffic Zone 222420000","640","Traffic Zone 219161000","9/16/2019 - 9/16/2019, Every day, Daily Average",873,554,1374
"1536","Traffic Zone 222420000","641","Traffic Zone 219112000","9/16/2019 - 9/16/2019, Every day, Daily Average",762,481,1206
"1536","Traffic Zone 222420000","642","Traffic Zone 219111000","9/16/2019 - 9/16/2019, Every day, Daily Average",1027,706,1492
"1536","Traffic Zone 222420000","643","Traffic Zone 219040000","9/16/2019 - 9/16/2019, Every day, Daily Average",1018,590,1755
"1536","Traffic Zone 222420000","644","Traffic Zone 219052000","9/16/2019 - 9/16/2019, Every day, Daily Average",1113,721,1716
"1536","Traffic Zone 222420000","645","Traffic Zone 219162000","9/16/2019 - 9/16/2019, Every day, Daily Average",714,449,1134
"1536","Traffic Zone 222420000","646","Traffic Zone 222210000","9/16/2019 - 9/16/2019, Every day, Daily Average",454,261,789
"1536","Traffic Zone 222420000","647","Traffic Zone 222121000","9/16/2019 - 9/16/2019, Every day, Daily Average",362,232,564
"1536","Traffic Zone 222420000","648","Traffic Zone 221142000","9/16/2019 - 9/16/2019, Every day, Daily Average",1098,807,1493
"1536","Traffic Zone 222420000","649","Traffic Zone 222220000","9/16/2019 - 9/16/2019, Every day, Daily Average",355,181,695
"1536","Traffic Zone 222420000","650","Traffic Zone 219252000","9/16/2019 - 9/16/2019, Every day, Daily Average",868,563,1336
"1536","Traffic Zone 222420000","651","Traffic Zone 221242000","9/16/2019 - 9/16/2019, Every day, Daily Average",578,398,838
"1536","Traffic Zone 222420000","652","Traffic Zone 221241000","9/16/2019 - 9/16/2019, Every day, Daily Average",675,456,998
"1536","Traffic Zone 222420000","653","Traffic Zone 223820000","9/16/2019 - 9/16/2019, Every day, Daily Average",804,548,1178
"1536","Traffic Zone 222420000","654","Traffic Zone 223780000","9/16/2019 - 9/16/2019, Every day, Daily Average",836,559,1249
"1536","Traffic Zone 222420000","655","Traffic Zone 223740000","9/16/2019 - 9/16/2019, Every day, Daily Average",637,437,927
"1536","Traffic Zone 222420000","656","Traffic Zone 223260000","9/16/2019 - 9/16/2019, Every day, Daily Average",646,441,945
"1536","Traffic Zone 222420000","657","Traffic Zone 223230000","9/16/2019 - 9/16/2019, Every day, Daily Average",690,427,1112
"1536","Traffic Zone 222420000","658","Traffic Zone 223220000","9/16/2019 - 9/16/2019, Every day, Daily Average",635,374,1075
"1536","Traffic Zone 222420000","659","Traffic Zone 223160000","9/16/2019 - 9/16/2019, Every day, Daily Average",534,339,839
"1536","Traffic Zone 222420000","660","Traffic Zone 223121000","9/16/2019 - 9/16/2019, Every day, Daily Average",523,342,799
"1536","Traffic Zone 222420000","661","Traffic Zone 221191000","9/16/2019 - 9/16/2019, Every day, Daily Average",1012,740,1382
"1536","Traffic Zone 222420000","662","Traffic Zone 221131000","9/16/2019 - 9/16/2019, Every day, Daily Average",1012,724,1414
"1536","Traffic Zone 222420000","663","Traffic Zone 221230500","9/16/2019 - 9/16/2019, Every day, Daily Average",642,446,922
"1536","Traffic Zone 222420000","664","Traffic Zone 221331000","9/16/2019 - 9/16/2019, Every day, Daily Average",474,320,701
"1536","Traffic Zone 222420000","665","Traffic Zone 221230400","9/16/2019 - 9/16/2019, Every day, Daily Average",709,498,1009
"1536","Traffic Zone 222420000","666","Traffic Zone 219120400","9/16/2019 - 9/16/2019, Every day, Daily Average",923,623,1367
"1536","Traffic Zone 222420000","667","Traffic Zone 222122000","9/16/2019 - 9/16/2019, Every day, Daily Average",312,191,509
"1536","Traffic Zone 222420000","668","Traffic Zone 222260000","9/16/2019 - 9/16/2019, Every day, Daily Average",498,326,759
"1536","Traffic Zone 222420000","669","Traffic Zone 222160000","9/16/2019 - 9/16/2019, Every day, Daily Average",124,73,210
"1536","Traffic Zone 222420000","670","Traffic Zone 221210000","9/16/2019 - 9/16/2019, Every day, Daily Average",831,584,1181
"1536","Traffic Zone 222420000","671","Traffic Zone 221120000","9/16/2019 - 9/16/2019, Every day, Daily Average",990,678,1444
"1536","Traffic Zone 222420000","672","Traffic Zone 219262000","9/16/2019 - 9/16/2019, Every day, Daily Average",915,589,1421
"1536","Traffic Zone 222420000","673","Traffic Zone 219261000","9/16/2019 - 9/16/2019, Every day, Daily Average",670,416,1076
"1536","Traffic Zone 222420000","674","Traffic Zone 219150000","9/16/2019 - 9/16/2019, Every day, Daily Average",701,439,1117
"1536","Traffic Zone 222420000","675","Traffic Zone 219120100","9/16/2019 - 9/16/2019, Every day, Daily Average",982,685,1406
"1536","Traffic Zone 222420000","676","Traffic Zone 218920000","9/16/2019 - 9/16/2019, Every day, Daily Average",1185,709,1977
"1536","Traffic Zone 222420000","677","Traffic Zone 221230600","9/16/2019 - 9/16/2019, Every day, Daily Average",545,381,779
"1536","Traffic Zone 222420000","678","Traffic Zone 221192000","9/16/2019 - 9/16/2019, Every day, Daily Average",879,656,1176
"1536","Traffic Zone 222420000","679","Traffic Zone 221132000","9/16/2019 - 9/16/2019, Every day, Daily Average",898,624,1291
"1536","Traffic Zone 222420000","680","Traffic Zone 221332000","9/16/2019 - 9/16/2019, Every day, Daily Average",465,303,711
"1536","Traffic Zone 222420000","681","Traffic Zone 221230300","9/16/2019 - 9/16/2019, Every day, Daily Average",675,462,985
"1536","Traffic Zone 222420000","682","Traffic Zone 219120300","9/16/2019 - 9/16/2019, Every day, Daily Average",907,605,1357
"1536","Traffic Zone 222420000","683","Traffic Zone 222181000","9/16/2019 - 9/16/2019, Every day, Daily Average",329,204,529
"1536","Traffic Zone 222420000","684","Traffic Zone 223750000","9/16/2019 - 9/16/2019, Every day, Daily Average",548,360,832
"1536","Traffic Zone 222420000","685","Traffic Zone 221220300","9/16/2019 - 9/16/2019, Every day, Daily Average",657,454,949
"1536","Traffic Zone 222420000","686","Traffic Zone 222190000","9/16/2019 - 9/16/2019, Every day, Daily Average",370,248,551
"1536","Traffic Zone 222420000","687","Traffic Zone 223211000","9/16/2019 - 9/16/2019, Every day, Daily Average",485,296,792
"1536","Traffic Zone 222420000","688","Traffic Zone 223171000","9/16/2019 - 9/16/2019, Every day, Daily Average",397,252,624
"1536","Traffic Zone 222420000","689","Traffic Zone 223122000","9/16/2019 - 9/16/2019, Every day, Daily Average",412,249,679
"1536","Traffic Zone 222420000","690","Traffic Zone 221112001","9/16/2019 - 9/16/2019, Every day, Daily Average",739,532,1024
"1536","Traffic Zone 222420000","691","Traffic Zone 224130000","9/16/2019 - 9/16/2019, Every day, Daily Average",618,445,857
"1536","Traffic Zone 222420000","692","Traffic Zone 224120000","9/16/2019 - 9/16/2019, Every day, Daily Average",683,527,884
"1536","Traffic Zone 222420000","693","Traffic Zone 224040000","9/16/2019 - 9/16/2019, Every day, Daily Average",622,439,879
"1536","Traffic Zone 222420000","694","Traffic Zone 224030000","9/16/2019 - 9/16/2019, Every day, Daily Average",709,488,1028
"1536","Traffic Zone 222420000","695","Traffic Zone 223710000","9/16/2019 - 9/16/2019, Every day, Daily Average",322,202,512
"1536","Traffic Zone 222420000","696","Traffic Zone 223270000","9/16/2019 - 9/16/2019, Every day, Daily Average",540,349,833
"1536","Traffic Zone 222420000","697","Traffic Zone 222112000","9/16/2019 - 9/16/2019, Every day, Daily Average",250,130,477
"1536","Traffic Zone 222420000","698","Traffic Zone 222111000","9/16/2019 - 9/16/2019, Every day, Daily Average",271,145,505
"1536","Traffic Zone 222420000","699","Traffic Zone 222270001","9/16/2019 - 9/16/2019, Every day, Daily Average",438,284,674
"1536","Traffic Zone 222420000","700","Traffic Zone 221340200","9/16/2019 - 9/16/2019, Every day, Daily Average",340,199,580
"1536","Traffic Zone 222420000","701","Traffic Zone 221220200","9/16/2019 - 9/16/2019, Every day, Daily Average",496,337,729
"1536","Traffic Zone 222420000","702","Traffic Zone 219270000","9/16/2019 - 9/16/2019, Every day, Daily Average",636,391,1032
"1536","Traffic Zone 222420000","703","Traffic Zone 219142000","9/16/2019 - 9/16/2019, Every day, Daily Average",835,548,1271
"1536","Traffic Zone 222420000","704","Traffic Zone 219141000","9/16/2019 - 9/16/2019, Every day, Daily Average",873,590,1289
"1536","Traffic Zone 222420000","705","Traffic Zone 218910000","9/16/2019 - 9/16/2019, Every day, Daily Average",1216,807,1831
"1536","Traffic Zone 222420000","706","Traffic Zone 221340100","9/16/2019 - 9/16/2019, Every day, Daily Average",448,269,744
"1536","Traffic Zone 222420000","707","Traffic Zone 221111000","9/16/2019 - 9/16/2019, Every day, Daily Average",732,463,1156
"1536","Traffic Zone 222420000","708","Traffic Zone 222182000","9/16/2019 - 9/16/2019, Every day, Daily Average",295,193,449
"1536","Traffic Zone 222420000","709","Traffic Zone 223832000","9/16/2019 - 9/16/2019, Every day, Daily Average",427,282,646
"1536","Traffic Zone 222420000","710","Traffic Zone 223831000","9/16/2019 - 9/16/2019, Every day, Daily Average",409,269,621
"1536","Traffic Zone 222420000","711","Traffic Zone 223772000","9/16/2019 - 9/16/2019, Every day, Daily Average",395,255,610
"1536","Traffic Zone 222420000","712","Traffic Zone 221220400","9/16/2019 - 9/16/2019, Every day, Daily Average",632,435,918
"1536","Traffic Zone 222420000","713","Traffic Zone 223771000","9/16/2019 - 9/16/2019, Every day, Daily Average",382,247,588
"1536","Traffic Zone 222420000","714","Traffic Zone 223212000","9/16/2019 - 9/16/2019, Every day, Daily Average",422,243,732
"1536","Traffic Zone 222420000","715","Traffic Zone 222171000","9/16/2019 - 9/16/2019, Every day, Daily Average",75,40,138
"1536","Traffic Zone 222420000","716","Traffic Zone 223172000","9/16/2019 - 9/16/2019, Every day, Daily Average",333,200,551
"1536","Traffic Zone 222420000","717","Traffic Zone 219130000","9/16/2019 - 9/16/2019, Every day, Daily Average",958,653,1403
"1536","Traffic Zone 222420000","718","Traffic Zone 221112000","9/16/2019 - 9/16/2019, Every day, Daily Average",711,502,1006
"1536","Traffic Zone 222420000","719","Traffic Zone 223760000","9/16/2019 - 9/16/2019, Every day, Daily Average",356,228,554
"1536","Traffic Zone 222420000","720","Traffic Zone 222270000","9/16/2019 - 9/16/2019, Every day, Daily Average",360,235,551
"1536","Traffic Zone 222420000","721","Traffic Zone 223280000","9/16/2019 - 9/16/2019, Every day, Daily Average",291,180,470
"1536","Traffic Zone 222420000","722","Traffic Zone 223190000","9/16/2019 - 9/16/2019, Every day, Daily Average",255,155,417
"1536","Traffic Zone 222420000","723","Traffic Zone 223180000","9/16/2019 - 9/16/2019, Every day, Daily Average",213,127,354
"1536","Traffic Zone 222420000","724","Traffic Zone 223110000","9/16/2019 - 9/16/2019, Every day, Daily Average",167,97,284
"1536","Traffic Zone 222420000","726","Traffic Zone 227810000","9/16/2019 - 9/16/2019, Every day, Daily Average",1404,1162,1696
"1536","Traffic Zone 222420000","727","Traffic Zone 227660200","9/16/2019 - 9/16/2019, Every day, Daily Average",1666,1239,2239
"1536","Traffic Zone 222420000","728","Traffic Zone 262010100","9/16/2019 - 9/16/2019, Every day, Daily Average",1362,990,1872
"1536","Traffic Zone 222420000","729","Traffic Zone 262020100","9/16/2019 - 9/16/2019, Every day, Daily Average",1246,1082,1434
"1536","Traffic Zone 222420000","731","Traffic Zone 227650000","9/16/2019 - 9/16/2019, Every day, Daily Average",1845,1419,2397
"1536","Traffic Zone 222420000","732","Traffic Zone 262030200","9/16/2019 - 9/16/2019, Every day, Daily Average",1579,1215,2051
"1536","Traffic Zone 222420000","733","Traffic Zone 262000302","9/16/2019 - 9/16/2019, Every day, Daily Average",1508,1150,1976
"1536","Traffic Zone 222420000","734","Traffic Zone 227800000","9/16/2019 - 9/16/2019, Every day, Daily Average",1557,1121,2160
"1536","Traffic Zone 222420000","735","Traffic Zone 227640000","9/16/2019 - 9/16/2019, Every day, Daily Average",1512,1224,1866
"1536","Traffic Zone 222420000","737","Traffic Zone 227800002","9/16/2019 - 9/16/2019, Every day, Daily Average",1649,1192,2279
"1536","Traffic Zone 222420000","738","Traffic Zone 262030100","9/16/2019 - 9/16/2019, Every day, Daily Average",1657,1292,2123
"1536","Traffic Zone 222420000","739","Traffic Zone 262000100","9/16/2019 - 9/16/2019, Every day, Daily Average",1315,873,1978
"1536","Traffic Zone 222420000","740","Traffic Zone 262000200","9/16/2019 - 9/16/2019, Every day, Daily Average",1476,1100,1980
"1536","Traffic Zone 222420000","741","Traffic Zone 262030300","9/16/2019 - 9/16/2019, Every day, Daily Average",1686,1369,2075
"1536","Traffic Zone 222420000","742","Traffic Zone 262100200","9/16/2019 - 9/16/2019, Every day, Daily Average",1922,1680,2197
"1536","Traffic Zone 222420000","743","Traffic Zone 262090100","9/16/2019 - 9/16/2019, Every day, Daily Average",1786,1399,2278
"1536","Traffic Zone 222420000","744","Traffic Zone 227700001","9/16/2019 - 9/16/2019, Every day, Daily Average",1448,1034,2027
"1536","Traffic Zone 222420000","745","Traffic Zone 227700000","9/16/2019 - 9/16/2019, Every day, Daily Average",1402,975,2014
"1536","Traffic Zone 222420000","746","Traffic Zone 262110100","9/16/2019 - 9/16/2019, Every day, Daily Average",1915,1486,2466
"1536","Traffic Zone 222420000","747","Traffic Zone 262120200","9/16/2019 - 9/16/2019, Every day, Daily Average",2093,1605,2728
"1536","Traffic Zone 222420000","748","Traffic Zone 262100100","9/16/2019 - 9/16/2019, Every day, Daily Average",1720,1418,2086
"1536","Traffic Zone 222420000","749","Traffic Zone 227800001","9/16/2019 - 9/16/2019, Every day, Daily Average",1652,1236,2207
"1536","Traffic Zone 222420000","750","Traffic Zone 262132100","9/16/2019 - 9/16/2019, Every day, Daily Average",2104,1743,2538
"1536","Traffic Zone 222420000","752","Traffic Zone 262110200","9/16/2019 - 9/16/2019, Every day, Daily Average",1626,1365,1936
"1536","Traffic Zone 222420000","753","Traffic Zone 262000301","9/16/2019 - 9/16/2019, Every day, Daily Average",1452,1093,1927
"1536","Traffic Zone 222420000","754","Traffic Zone 262080000","9/16/2019 - 9/16/2019, Every day, Daily Average",1440,1107,1871
"1536","Traffic Zone 222420000","755","Traffic Zone 262040000","9/16/2019 - 9/16/2019, Every day, Daily Average",1210,995,1471
"1536","Traffic Zone 222420000","756","Traffic Zone 262040001","9/16/2019 - 9/16/2019, Every day, Daily Average",1263,961,1659
"1536","Traffic Zone 222420000","757","Traffic Zone 227600000","9/16/2019 - 9/16/2019, Every day, Daily Average",1385,916,2093
"1536","Traffic Zone 222420000","758","Traffic Zone 262120100","9/16/2019 - 9/16/2019, Every day, Daily Average",2100,1656,2661
"1536","Traffic Zone 222420000","759","Traffic Zone 262000303","9/16/2019 - 9/16/2019, Every day, Daily Average",1271,920,1755
"1536","Traffic Zone 222420000","760","Traffic Zone 262070100","9/16/2019 - 9/16/2019, Every day, Daily Average",1450,1205,1743
"1536","Traffic Zone 222420000","761","Traffic Zone 262000304","9/16/2019 - 9/16/2019, Every day, Daily Average",1374,1016,1857
"1536","Traffic Zone 222420000","762","Traffic Zone 227720000","9/16/2019 - 9/16/2019, Every day, Daily Average",1650,1257,2164
"1536","Traffic Zone 222420000","764","Traffic Zone 262130100","9/16/2019 - 9/16/2019, Every day, Daily Average",2110,1735,2564
"1536","Traffic Zone 222420000","765","Traffic Zone 262070200","9/16/2019 - 9/16/2019, Every day, Daily Average",1879,1486,2375
"1536","Traffic Zone 222420000","766","Traffic Zone 262000300","9/16/2019 - 9/16/2019, Every day, Daily Average",1491,1112,1997
"1536","Traffic Zone 222420000","767","Traffic Zone 227710000","9/16/2019 - 9/16/2019, Every day, Daily Average",1429,966,2112
"1536","Traffic Zone 222420000","768","Traffic Zone 262052200","9/16/2019 - 9/16/2019, Every day, Daily Average",1278,1170,1395
"1536","Traffic Zone 222420000","769","Traffic Zone 227740000","9/16/2019 - 9/16/2019, Every day, Daily Average",1574,1190,2080
"1536","Traffic Zone 222420000","770","Traffic Zone 260230200","9/16/2019 - 9/16/2019, Every day, Daily Average",1114,826,1501
"1536","Traffic Zone 222420000","771","Traffic Zone 227610000","9/16/2019 - 9/16/2019, Every day, Daily Average",1436,973,2118
"1536","Traffic Zone 222420000","772","Traffic Zone 262050100","9/16/2019 - 9/16/2019, Every day, Daily Average",1215,887,1663
"1536","Traffic Zone 222420000","773","Traffic Zone 260220000","9/16/2019 - 9/16/2019, Every day, Daily Average",1017,751,1376
"1536","Traffic Zone 222420000","774","Traffic Zone 260140100","9/16/2019 - 9/16/2019, Every day, Daily Average",1456,1014,2089
"1536","Traffic Zone 222420000","775","Traffic Zone 262052100","9/16/2019 - 9/16/2019, Every day, Daily Average",1159,973,1380
"1536","Traffic Zone 222420000","776","Traffic Zone 260230100","9/16/2019 - 9/16/2019, Every day, Daily Average",1216,955,1546
"1536","Traffic Zone 222420000","777","Traffic Zone 260140200","9/16/2019 - 9/16/2019, Every day, Daily Average",1470,1050,2057
"1536","Traffic Zone 222420000","778","Traffic Zone 262060200","9/16/2019 - 9/16/2019, Every day, Daily Average",1632,1286,2070
"1536","Traffic Zone 222420000","779","Traffic Zone 262060100","9/16/2019 - 9/16/2019, Every day, Daily Average",1516,1147,2002
"1536","Traffic Zone 222420000","780","Traffic Zone 260160000","9/16/2019 - 9/16/2019, Every day, Daily Average",997,732,1356
"1536","Traffic Zone 222420000","781","Traffic Zone 260150200","9/16/2019 - 9/16/2019, Every day, Daily Average",1218,878,1689
"1536","Traffic Zone 222420000","782","Traffic Zone 260150100","9/16/2019 - 9/16/2019, Every day, Daily Average",1331,946,1872
"1536","Traffic Zone 222420000","783","Traffic Zone 260130100","9/16/2019 - 9/16/2019, Every day, Daily Average",1338,941,1901
"1536","Traffic Zone 222420000","784","Traffic Zone 260130200","9/16/2019 - 9/16/2019, Every day, Daily Average",1384,952,2011
"1536","Traffic Zone 222420000","785","Traffic Zone 260390000","9/16/2019 - 9/16/2019, Every day, Daily Average",1274,943,1719
"1536","Traffic Zone 222420000","786","Traffic Zone 260130300","9/16/2019 - 9/16/2019, Every day, Daily Average",1376,964,1964
"1536","Traffic Zone 222420000","787","Traffic Zone 260210600","9/16/2019 - 9/16/2019, Every day, Daily Average",1103,858,1417
"1536","Traffic Zone 222420000","788","Traffic Zone 260400000","9/16/2019 - 9/16/2019, Every day, Daily Average",1335,1001,1779
"1536","Traffic Zone 222420000","789","Traffic Zone 260240200","9/16/2019 - 9/16/2019, Every day, Daily Average",1468,1065,2023
"1536","Traffic Zone 222420000","790","Traffic Zone 260210300","9/16/2019 - 9/16/2019, Every day, Daily Average",994,753,1311
"1536","Traffic Zone 222420000","791","Traffic Zone 260121100","9/16/2019 - 9/16/2019, Every day, Daily Average",1530,1182,1980
"1536","Traffic Zone 222420000","792","Traffic Zone 260120200","9/16/2019 - 9/16/2019, Every day, Daily Average",1474,1168,1859
"1536","Traffic Zone 222420000","793","Traffic Zone 260121200","9/16/2019 - 9/16/2019, Every day, Daily Average",1534,1174,2003
"1536","Traffic Zone 222420000","794","Traffic Zone 265030000","9/16/2019 - 9/16/2019, Every day, Daily Average",1456,1120,1891
"1536","Traffic Zone 222420000","795","Traffic Zone 260091100","9/16/2019 - 9/16/2019, Every day, Daily Average",1230,916,1651
"1536","Traffic Zone 222420000","796","Traffic Zone 260090200","9/16/2019 - 9/16/2019, Every day, Daily Average",1011,794,1286
"1536","Traffic Zone 222420000","797","Traffic Zone 260170000","9/16/2019 - 9/16/2019, Every day, Daily Average",957,698,1310
"1536","Traffic Zone 222420000","798","Traffic Zone 260180200","9/16/2019 - 9/16/2019, Every day, Daily Average",1140,741,1752
"1536","Traffic Zone 222420000","799","Traffic Zone 260180100","9/16/2019 - 9/16/2019, Every day, Daily Average",1306,855,1993
"1536","Traffic Zone 222420000","800","Traffic Zone 260410000","9/16/2019 - 9/16/2019, Every day, Daily Average",1349,1001,1816
"1536","Traffic Zone 222420000","801","Traffic Zone 260380000","9/16/2019 - 9/16/2019, Every day, Daily Average",1335,1113,1601
"1536","Traffic Zone 222420000","802","Traffic Zone 260240400","9/16/2019 - 9/16/2019, Every day, Daily Average",1479,1055,2071
"1536","Traffic Zone 222420000","804","Traffic Zone 260210500","9/16/2019 - 9/16/2019, Every day, Daily Average",1161,788,1709
"1536","Traffic Zone 222420000","805","Traffic Zone 260210400","9/16/2019 - 9/16/2019, Every day, Daily Average",934,678,1286
"1536","Traffic Zone 222420000","806","Traffic Zone 260100100","9/16/2019 - 9/16/2019, Every day, Daily Average",1372,1111,1694
"1536","Traffic Zone 222420000","807","Traffic Zone 260110000","9/16/2019 - 9/16/2019, Every day, Daily Average",1381,1074,1774
"1536","Traffic Zone 222420000","808","Traffic Zone 260100101","9/16/2019 - 9/16/2019, Every day, Daily Average",1168,879,1550
"1536","Traffic Zone 222420000","809","Traffic Zone 260100200","9/16/2019 - 9/16/2019, Every day, Daily Average",1397,1078,1809
"1536","Traffic Zone 222420000","810","Traffic Zone 260091200","9/16/2019 - 9/16/2019, Every day, Daily Average",1101,847,1430
"1536","Traffic Zone 222420000","812","Traffic Zone 265020000","9/16/2019 - 9/16/2019, Every day, Daily Average",1303,965,1757
"1536","Traffic Zone 222420000","813","Traffic Zone 260250200","9/16/2019 - 9/16/2019, Every day, Daily Average",1229,975,1548
"1536","Traffic Zone 222420000","814","Traffic Zone 260200200","9/16/2019 - 9/16/2019, Every day, Daily Average",915,661,1265
"1536","Traffic Zone 222420000","815","Traffic Zone 260200300","9/16/2019 - 9/16/2019, Every day, Daily Average",1102,781,1554
"1536","Traffic Zone 222420000","816","Traffic Zone 260190000","9/16/2019 - 9/16/2019, Every day, Daily Average",1097,882,1363
"1536","Traffic Zone 222420000","817","Traffic Zone 265000200","9/16/2019 - 9/16/2019, Every day, Daily Average",1402,991,1981
"1536","Traffic Zone 222420000","818","Traffic Zone 260070300","9/16/2019 - 9/16/2019, Every day, Daily Average",1244,961,1609
"1536","Traffic Zone 222420000","819","Traffic Zone 260370200","9/16/2019 - 9/16/2019, Every day, Daily Average",1628,1099,2410
"1536","Traffic Zone 222420000","820","Traffic Zone 260250101","9/16/2019 - 9/16/2019, Every day, Daily Average",1197,801,1787
"1536","Traffic Zone 222420000","821","Traffic Zone 260250100","9/16/2019 - 9/16/2019, Every day, Daily Average",980,659,1455
"1536","Traffic Zone 222420000","822","Traffic Zone 265010200","9/16/2019 - 9/16/2019, Every day, Daily Average",1117,906,1375
"1536","Traffic Zone 222420000","823","Traffic Zone 260080200","9/16/2019 - 9/16/2019, Every day, Daily Average",1212,949,1546
"1536","Traffic Zone 222420000","824","Traffic Zone 260370400","9/16/2019 - 9/16/2019, Every day, Daily Average",1385,961,1994
"1536","Traffic Zone 222420000","825","Traffic Zone 260250300","9/16/2019 - 9/16/2019, Every day, Daily Average",1264,880,1815
"1536","Traffic Zone 222420000","826","Traffic Zone 260200400","9/16/2019 - 9/16/2019, Every day, Daily Average",1092,750,1589
"1536","Traffic Zone 222420000","827","Traffic Zone 260060200","9/16/2019 - 9/16/2019, Every day, Daily Average",1161,909,1481
"1536","Traffic Zone 222420000","828","Traffic Zone 260070200","9/16/2019 - 9/16/2019, Every day, Daily Average",1147,887,1482
"1536","Traffic Zone 222420000","829","Traffic Zone 260050200","9/16/2019 - 9/16/2019, Every day, Daily Average",882,628,1236
"1536","Traffic Zone 222420000","830","Traffic Zone 260070400","9/16/2019 - 9/16/2019, Every day, Daily Average",1110,835,1474
"1536","Traffic Zone 222420000","831","Traffic Zone 260360000","9/16/2019 - 9/16/2019, Every day, Daily Average",1427,1091,1864
"1536","Traffic Zone 222420000","832","Traffic Zone 260050100","9/16/2019 - 9/16/2019, Every day, Daily Average",1169,815,1675
"1536","Traffic Zone 222420000","833","Traffic Zone 260060100","9/16/2019 - 9/16/2019, Every day, Daily Average",1087,818,1443
"1536","Traffic Zone 222420000","834","Traffic Zone 260080100","9/16/2019 - 9/16/2019, Every day, Daily Average",1004,732,1376
"1536","Traffic Zone 222420000","835","Traffic Zone 265000100","9/16/2019 - 9/16/2019, Every day, Daily Average",1521,1112,2080
"1536","Traffic Zone 222420000","836","Traffic Zone 260350000","9/16/2019 - 9/16/2019, Every day, Daily Average",1298,954,1764
"1536","Traffic Zone 222420000","837","Traffic Zone 265010100","9/16/2019 - 9/16/2019, Every day, Daily Average",1184,873,1604
"1536","Traffic Zone 222420000","838","Traffic Zone 260260000","9/16/2019 - 9/16/2019, Every day, Daily Average",1118,791,1580
"1536","Traffic Zone 222420000","839","Traffic Zone 260270000","9/16/2019 - 9/16/2019, Every day, Daily Average",817,581,1146
"1536","Traffic Zone 222420000","840","Traffic Zone 260340000","9/16/2019 - 9/16/2019, Every day, Daily Average",1278,1012,1613
"1536","Traffic Zone 222420000","841","Traffic Zone 260040000","9/16/2019 - 9/16/2019, Every day, Daily Average",1049,781,1407
"1536","Traffic Zone 222420000","842","Traffic Zone 260290000","9/16/2019 - 9/16/2019, Every day, Daily Average",1089,777,1525
"1536","Traffic Zone 222420000","844","Traffic Zone 260330200","9/16/2019 - 9/16/2019, Every day, Daily Average",1404,976,2019
"1536","Traffic Zone 222420000","845","Traffic Zone 260300300","9/16/2019 - 9/16/2019, Every day, Daily Average",1184,881,1590
"1536","Traffic Zone 222420000","846","Traffic Zone 260030200","9/16/2019 - 9/16/2019, Every day, Daily Average",1009,713,1427
"1536","Traffic Zone 222420000","847","Traffic Zone 260320000","9/16/2019 - 9/16/2019, Every day, Daily Average",1289,919,1807
"1536","Traffic Zone 222420000","848","Traffic Zone 260280000","9/16/2019 - 9/16/2019, Every day, Daily Average",723,514,1016
"1536","Traffic Zone 222420000","849","Traffic Zone 260020200","9/16/2019 - 9/16/2019, Every day, Daily Average",844,553,1286
"1536","Traffic Zone 222420000","850","Traffic Zone 260020100","9/16/2019 - 9/16/2019, Every day, Daily Average",799,543,1174
"1536","Traffic Zone 222420000","851","Traffic Zone 260300400","9/16/2019 - 9/16/2019, Every day, Daily Average",1010,764,1333
"1536","Traffic Zone 222420000","852","Traffic Zone 260300100","9/16/2019 - 9/16/2019, Every day, Daily Average",922,698,1217
"1536","Traffic Zone 222420000","853","Traffic Zone 260310200","9/16/2019 - 9/16/2019, Every day, Daily Average",1179,784,1771
"1536","Traffic Zone 222420000","854","Traffic Zone 260310100","9/16/2019 - 9/16/2019, Every day, Daily Average",1013,773,1327
"1536","Traffic Zone 222420000","855","Traffic Zone 260290001","9/16/2019 - 9/16/2019, Every day, Daily Average",876,619,1239
"1536","Traffic Zone 222420000","856","Traffic Zone 260030100","9/16/2019 - 9/16/2019, Every day, Daily Average",806,609,1065
"1536","Traffic Zone 222420000","857","Traffic Zone 260010000","9/16/2019 - 9/16/2019, Every day, Daily Average",970,627,1500
"1536","Traffic Zone 222420000","858","Traffic Zone 229121000","9/16/2019 - 9/16/2019, Every day, Daily Average",812,571,1153
"1536","Traffic Zone 222420000","859","Traffic Zone 229130000","9/16/2019 - 9/16/2019, Every day, Daily Average",917,660,1272
"1536","Traffic Zone 222420000","860","Traffic Zone 229122000","9/16/2019 - 9/16/2019, Every day, Daily Average",853,609,1193
"1536","Traffic Zone 222420000","861","Traffic Zone 229113000","9/16/2019 - 9/16/2019, Every day, Daily Average",756,524,1089
"1536","Traffic Zone 222420000","862","Traffic Zone 229112000","9/16/2019 - 9/16/2019, Every day, Daily Average",718,490,1050
"1536","Traffic Zone 222420000","863","Traffic Zone 229111000","9/16/2019 - 9/16/2019, Every day, Daily Average",682,463,1002
"1536","Traffic Zone 222420000","872","Traffic Zone 267030100","9/16/2019 - 9/16/2019, Every day, Daily Average",2258,1830,2785
"1536","Traffic Zone 222420000","874","Traffic Zone 267060000","9/16/2019 - 9/16/2019, Every day, Daily Average",2382,1803,3146
"1536","Traffic Zone 222420000","877","Traffic Zone 265050200","9/16/2019 - 9/16/2019, Every day, Daily Average",2044,1657,2520
"1536","Traffic Zone 222420000","878","Traffic Zone 265060300","9/16/2019 - 9/16/2019, Every day, Daily Average",1904,1587,2283
"1536","Traffic Zone 222420000","881","Traffic Zone 265060200","9/16/2019 - 9/16/2019, Every day, Daily Average",1925,1559,2376
"1536","Traffic Zone 222420000","883","Traffic Zone 265050100","9/16/2019 - 9/16/2019, Every day, Daily Average",1840,1482,2283
"1536","Traffic Zone 222420000","884","Traffic Zone 267020200","9/16/2019 - 9/16/2019, Every day, Daily Average",1975,1537,2536
"1536","Traffic Zone 222420000","885","Traffic Zone 265070101","9/16/2019 - 9/16/2019, Every day, Daily Average",1931,1593,2340
"1536","Traffic Zone 222420000","889","Traffic Zone 265060100","9/16/2019 - 9/16/2019, Every day, Daily Average",1822,1408,2356
"1536","Traffic Zone 222420000","890","Traffic Zone 265070100","9/16/2019 - 9/16/2019, Every day, Daily Average",1720,1397,2116
"1536","Traffic Zone 222420000","891","Traffic Zone 265070102","9/16/2019 - 9/16/2019, Every day, Daily Average",1525,1138,2042
"1536","Traffic Zone 222420000","893","Traffic Zone 265140000","9/16/2019 - 9/16/2019, Every day, Daily Average",1684,1285,2205
"1536","Traffic Zone 222420000","894","Traffic Zone 267020100","9/16/2019 - 9/16/2019, Every day, Daily Average",2003,1552,2584
"1536","Traffic Zone 222420000","895","Traffic Zone 265040001","9/16/2019 - 9/16/2019, Every day, Daily Average",1683,1290,2195
"1536","Traffic Zone 222420000","896","Traffic Zone 265110100","9/16/2019 - 9/16/2019, Every day, Daily Average",1597,1230,2073
"1536","Traffic Zone 222420000","898","Traffic Zone 265080000","9/16/2019 - 9/16/2019, Every day, Daily Average",1474,1132,1918
"1536","Traffic Zone 222420000","899","Traffic Zone 265040000","9/16/2019 - 9/16/2019, Every day, Daily Average",1600,1266,2021
"1536","Traffic Zone 222420000","901","Traffic Zone 267070200","9/16/2019 - 9/16/2019, Every day, Daily Average",2266,1681,3053
"1536","Traffic Zone 222420000","904","Traffic Zone 267000300","9/16/2019 - 9/16/2019, Every day, Daily Average",1561,1173,2076
"1536","Traffic Zone 222420000","906","Traffic Zone 265090200","9/16/2019 - 9/16/2019, Every day, Daily Average",1353,1034,1769
"1536","Traffic Zone 222420000","907","Traffic Zone 265090100","9/16/2019 - 9/16/2019, Every day, Daily Average",1353,1055,1733
"1536","Traffic Zone 222420000","908","Traffic Zone 265090101","9/16/2019 - 9/16/2019, Every day, Daily Average",1479,1083,2018
"1536","Traffic Zone 222420000","911","Traffic Zone 267010000","9/16/2019 - 9/16/2019, Every day, Daily Average",1507,1236,1836
"1536","Traffic Zone 222420000","913","Traffic Zone 267000200","9/16/2019 - 9/16/2019, Every day, Daily Average",1527,1152,2024
"1536","Traffic Zone 222420000","915","Traffic Zone 229640000","9/16/2019 - 9/16/2019, Every day, Daily Average",1799,1303,2483
"1536","Traffic Zone 222420000","916","Traffic Zone 229330400","9/16/2019 - 9/16/2019, Every day, Daily Average",1391,1046,1848
"1536","Traffic Zone 222420000","917","Traffic Zone 229330500","9/16/2019 - 9/16/2019, Every day, Daily Average",1338,1132,1581
"1536","Traffic Zone 222420000","919","Traffic Zone 260990000","9/16/2019 - 9/16/2019, Every day, Daily Average",1878,1335,2641
"1536","Traffic Zone 222420000","920","Traffic Zone 229320200","9/16/2019 - 9/16/2019, Every day, Daily Average",1332,1004,1766
"1536","Traffic Zone 222420000","921","Traffic Zone 229320100","9/16/2019 - 9/16/2019, Every day, Daily Average",1216,962,1536
"1536","Traffic Zone 222420000","923","Traffic Zone 229200001","9/16/2019 - 9/16/2019, Every day, Daily Average",1327,1003,1754
"1536","Traffic Zone 222420000","925","Traffic Zone 229630000","9/16/2019 - 9/16/2019, Every day, Daily Average",1512,1068,2139
"1536","Traffic Zone 222420000","927","Traffic Zone 229200000","9/16/2019 - 9/16/2019, Every day, Daily Average",1134,830,1549
"1536","Traffic Zone 222420000","929","Traffic Zone 229510100","9/16/2019 - 9/16/2019, Every day, Daily Average",1421,1007,2004
"1536","Traffic Zone 222420000","930","Traffic Zone 229650000","9/16/2019 - 9/16/2019, Every day, Daily Average",1540,1093,2167
"1536","Traffic Zone 222420000","931","Traffic Zone 254360300","9/16/2019 - 9/16/2019, Every day, Daily Average",1226,863,1741
"1536","Traffic Zone 222420000","932","Traffic Zone 229660000","9/16/2019 - 9/16/2019, Every day, Daily Average",1871,1250,2799
"1536","Traffic Zone 222420000","933","Traffic Zone 254360200","9/16/2019 - 9/16/2019, Every day, Daily Average",1163,819,1650
"1536","Traffic Zone 222420000","934","Traffic Zone 254350300","9/16/2019 - 9/16/2019, Every day, Daily Average",1072,764,1503
"1536","Traffic Zone 222420000","935","Traffic Zone 254350200","9/16/2019 - 9/16/2019, Every day, Daily Average",1023,721,1450
"1536","Traffic Zone 222420000","936","Traffic Zone 229442000","9/16/2019 - 9/16/2019, Every day, Daily Average",1343,973,1852
"1536","Traffic Zone 222420000","937","Traffic Zone 229441000","9/16/2019 - 9/16/2019, Every day, Daily Average",1279,917,1782
"1536","Traffic Zone 222420000","940","Traffic Zone 229622000","9/16/2019 - 9/16/2019, Every day, Daily Average",1525,1194,1947
"1536","Traffic Zone 222420000","941","Traffic Zone 254350100","9/16/2019 - 9/16/2019, Every day, Daily Average",956,698,1308
"1536","Traffic Zone 222420000","944","Traffic Zone 229430000","9/16/2019 - 9/16/2019, Every day, Daily Average",1414,1087,1838
"1536","Traffic Zone 222420000","945","Traffic Zone 229621000","9/16/2019 - 9/16/2019, Every day, Daily Average",1299,1157,1457
"1536","Traffic Zone 222420000","947","Traffic Zone 254340000","9/16/2019 - 9/16/2019, Every day, Daily Average",1007,733,1382
"1536","Traffic Zone 222420000","950","Traffic Zone 254380100","9/16/2019 - 9/16/2019, Every day, Daily Average",1051,781,1413
"1536","Traffic Zone 222420000","951","Traffic Zone 254380200","9/16/2019 - 9/16/2019, Every day, Daily Average",1362,957,1937
"1536","Traffic Zone 222420000","960","Traffic Zone 254390300","9/16/2019 - 9/16/2019, Every day, Daily Average",1157,861,1552
"1536","Traffic Zone 222420000","965","Traffic Zone 254332100","9/16/2019 - 9/16/2019, Every day, Daily Average",1208,873,1670
"1536","Traffic Zone 222420000","966","Traffic Zone 254330300","9/16/2019 - 9/16/2019, Every day, Daily Average",1228,1002,1504
"1536","Traffic Zone 222420000","968","Traffic Zone 254390400","9/16/2019 - 9/16/2019, Every day, Daily Average",1244,927,1668
"1536","Traffic Zone 222420000","970","Traffic Zone 254332101","9/16/2019 - 9/16/2019, Every day, Daily Average",1386,991,1937
"1536","Traffic Zone 222420000","974","Traffic Zone 254330502","9/16/2019 - 9/16/2019, Every day, Daily Average",1370,987,1901
"1536","Traffic Zone 222420000","975","Traffic Zone 229412000","9/16/2019 - 9/16/2019, Every day, Daily Average",1287,953,1736
"1536","Traffic Zone 222420000","976","Traffic Zone 254400000","9/16/2019 - 9/16/2019, Every day, Daily Average",1398,1033,1890
"1536","Traffic Zone 222420000","977","Traffic Zone 254400001","9/16/2019 - 9/16/2019, Every day, Daily Average",1673,1375,2035
"1536","Traffic Zone 222420000","978","Traffic Zone 254330500","9/16/2019 - 9/16/2019, Every day, Daily Average",1455,1074,1970
"1536","Traffic Zone 222420000","980","Traffic Zone 257560000","9/16/2019 - 9/16/2019, Every day, Daily Average",1647,1315,2062
"1536","Traffic Zone 222420000","981","Traffic Zone 257230100","9/16/2019 - 9/16/2019, Every day, Daily Average",1291,966,1725
"1536","Traffic Zone 222420000","984","Traffic Zone 257550000","9/16/2019 - 9/16/2019, Every day, Daily Average",1586,1258,1998
"1536","Traffic Zone 222420000","985","Traffic Zone 257260000","9/16/2019 - 9/16/2019, Every day, Daily Average",1557,1207,2008
"1536","Traffic Zone 222420000","986","Traffic Zone 257270000","9/16/2019 - 9/16/2019, Every day, Daily Average",1588,1235,2041
"1536","Traffic Zone 222420000","987","Traffic Zone 257290000","9/16/2019 - 9/16/2019, Every day, Daily Average",1553,1227,1965
"1536","Traffic Zone 222420000","988","Traffic Zone 257230200","9/16/2019 - 9/16/2019, Every day, Daily Average",1526,1178,1975
"1536","Traffic Zone 222420000","989","Traffic Zone 257240000","9/16/2019 - 9/16/2019, Every day, Daily Average",1365,1022,1822
"1536","Traffic Zone 222420000","990","Traffic Zone 257580100","9/16/2019 - 9/16/2019, Every day, Daily Average",1668,1389,2002
"1536","Traffic Zone 222420000","991","Traffic Zone 257590100","9/16/2019 - 9/16/2019, Every day, Daily Average",1688,1347,2114
"1536","Traffic Zone 222420000","992","Traffic Zone 257210000","9/16/2019 - 9/16/2019, Every day, Daily Average",1359,1021,1807
"1536","Traffic Zone 222420000","993","Traffic Zone 257540100","9/16/2019 - 9/16/2019, Every day, Daily Average",1779,1507,2099
"1536","Traffic Zone 222420000","994","Traffic Zone 257600000","9/16/2019 - 9/16/2019, Every day, Daily Average",1767,1453,2148
"1536","Traffic Zone 222420000","996","Traffic Zone 257170100","9/16/2019 - 9/16/2019, Every day, Daily Average",1478,1129,1934
"1536","Traffic Zone 222420000","998","Traffic Zone 257040100","9/16/2019 - 9/16/2019, Every day, Daily Average",1335,973,1830
"1536","Traffic Zone 222420000","999","Traffic Zone 257310000","9/16/2019 - 9/16/2019, Every day, Daily Average",1842,1473,2303
"1536","Traffic Zone 222420000","1000","Traffic Zone 257040200","9/16/2019 - 9/16/2019, Every day, Daily Average",1369,1004,1866
"1536","Traffic Zone 222420000","1001","Traffic Zone 257220201","9/16/2019 - 9/16/2019, Every day, Daily Average",1480,1241,1764
"1536","Traffic Zone 222420000","1003","Traffic Zone 257590200","9/16/2019 - 9/16/2019, Every day, Daily Average",1770,1460,2145
"1536","Traffic Zone 222420000","1004","Traffic Zone 257220100","9/16/2019 - 9/16/2019, Every day, Daily Average",1420,1073,1878
"1536","Traffic Zone 222420000","1007","Traffic Zone 257200200","9/16/2019 - 9/16/2019, Every day, Daily Average",1381,1040,1833
"1536","Traffic Zone 222420000","1008","Traffic Zone 257540200","9/16/2019 - 9/16/2019, Every day, Daily Average",1921,1679,2197
"1536","Traffic Zone 222420000","1011","Traffic Zone 257030100","9/16/2019 - 9/16/2019, Every day, Daily Average",1394,1000,1941
"1536","Traffic Zone 222420000","1012","Traffic Zone 257220200","9/16/2019 - 9/16/2019, Every day, Daily Average",1587,1258,2001
"1536","Traffic Zone 222420000","1014","Traffic Zone 257610000","9/16/2019 - 9/16/2019, Every day, Daily Average",1852,1559,2199
"1536","Traffic Zone 222420000","1015","Traffic Zone 257620000","9/16/2019 - 9/16/2019, Every day, Daily Average",1915,1609,2278
"1536","Traffic Zone 222420000","1016","Traffic Zone 257630000","9/16/2019 - 9/16/2019, Every day, Daily Average",1957,1623,2358
"1536","Traffic Zone 222420000","1021","Traffic Zone 257340100","9/16/2019 - 9/16/2019, Every day, Daily Average",1450,1092,1924
"1536","Traffic Zone 222420000","1024","Traffic Zone 257660100","9/16/2019 - 9/16/2019, Every day, Daily Average",1917,1639,2241
"1536","Traffic Zone 222420000","1028","Traffic Zone 257350000","9/16/2019 - 9/16/2019, Every day, Daily Average",1634,1209,2207
"1536","Traffic Zone 222420000","1029","Traffic Zone 257020200","9/16/2019 - 9/16/2019, Every day, Daily Average",1432,1040,1970
"1536","Traffic Zone 222420000","1034","Traffic Zone 257330000","9/16/2019 - 9/16/2019, Every day, Daily Average",1621,1413,1859
"1536","Traffic Zone 222420000","1038","Traffic Zone 257520200","9/16/2019 - 9/16/2019, Every day, Daily Average",1711,1519,1926
"1536","Traffic Zone 222420000","1040","Traffic Zone 257640300","9/16/2019 - 9/16/2019, Every day, Daily Average",1986,1661,2373
"1536","Traffic Zone 222420000","1042","Traffic Zone 257340200","9/16/2019 - 9/16/2019, Every day, Daily Average",1635,1218,2193
"1536","Traffic Zone 222420000","1051","Traffic Zone 257020300","9/16/2019 - 9/16/2019, Every day, Daily Average",1519,1108,2080
"1536","Traffic Zone 222420000","1056","Traffic Zone 257350002","9/16/2019 - 9/16/2019, Every day, Daily Average",1508,1147,1981
"1536","Traffic Zone 222420000","1058","Traffic Zone 257350001","9/16/2019 - 9/16/2019, Every day, Daily Average",1585,1163,2159
"1536","Traffic Zone 222420000","1066","Traffic Zone 257420200","9/16/2019 - 9/16/2019, Every day, Daily Average",1555,1185,2038
"1536","Traffic Zone 222420000","1075","Traffic Zone 257420100","9/16/2019 - 9/16/2019, Every day, Daily Average",1606,1214,2124
"1536","Traffic Zone 222420000","1086","Traffic Zone 257430000","9/16/2019 - 9/16/2019, Every day, Daily Average",1602,1246,2058
"1536","Traffic Zone 222420000","1097","Traffic Zone 257440000","9/16/2019 - 9/16/2019, Every day, Daily Average",1640,1276,2107
"1536","Traffic Zone 222420000","1100","Traffic Zone 257450000","9/16/2019 - 9/16/2019, Every day, Daily Average",1705,1311,2216
"1536","Traffic Zone 222420000","1101","Traffic Zone 257390100","9/16/2019 - 9/16/2019, Every day, Daily Average",1704,1333,2177
"1536","Traffic Zone 222420000","1104","Traffic Zone 224050000","9/16/2019 - 9/16/2019, Every day, Daily Average",486,334,705
"1536","Traffic Zone 222420000","1105","Traffic Zone 224020000","9/16/2019 - 9/16/2019, Every day, Daily Average",450,302,669
"1536","Traffic Zone 222420000","1106","Traffic Zone 224140000","9/16/2019 - 9/16/2019, Every day, Daily Average",571,404,805
"1536","Traffic Zone 222420000","1107","Traffic Zone 224112000","9/16/2019 - 9/16/2019, Every day, Daily Average",538,378,764
"1536","Traffic Zone 222420000","1108","Traffic Zone 224111000","9/16/2019 - 9/16/2019, Every day, Daily Average",510,355,732
"1536","Traffic Zone 222420000","1109","Traffic Zone 223931000","9/16/2019 - 9/16/2019, Every day, Daily Average",498,326,759
"1536","Traffic Zone 222420000","1110","Traffic Zone 254100100","9/16/2019 - 9/16/2019, Every day, Daily Average",1084,791,1484
"1536","Traffic Zone 222420000","1111","Traffic Zone 254100200","9/16/2019 - 9/16/2019, Every day, Daily Average",1048,761,1442
"1536","Traffic Zone 222420000","1112","Traffic Zone 254090200","9/16/2019 - 9/16/2019, Every day, Daily Average",1108,829,1479
"1536","Traffic Zone 222420000","1113","Traffic Zone 254090100","9/16/2019 - 9/16/2019, Every day, Daily Average",671,450,999
"1536","Traffic Zone 222420000","1114","Traffic Zone 223970000","9/16/2019 - 9/16/2019, Every day, Daily Average",715,487,1049
"1536","Traffic Zone 222420000","1115","Traffic Zone 223960000","9/16/2019 - 9/16/2019, Every day, Daily Average",597,393,905
"1536","Traffic Zone 222420000","1116","Traffic Zone 223932000","9/16/2019 - 9/16/2019, Every day, Daily Average",582,374,903
"1536","Traffic Zone 222420000","1117","Traffic Zone 222842000","9/16/2019 - 9/16/2019, Every day, Daily Average",452,270,754
"1536","Traffic Zone 222420000","1118","Traffic Zone 222941000","9/16/2019 - 9/16/2019, Every day, Daily Average",657,423,1018
"1536","Traffic Zone 222420000","1119","Traffic Zone 222930000","9/16/2019 - 9/16/2019, Every day, Daily Average",625,400,974
"1536","Traffic Zone 222420000","1120","Traffic Zone 222850000","9/16/2019 - 9/16/2019, Every day, Daily Average",492,315,766
"1536","Traffic Zone 222420000","1121","Traffic Zone 222841000","9/16/2019 - 9/16/2019, Every day, Daily Average",519,335,801
"1536","Traffic Zone 222420000","1122","Traffic Zone 224060000","9/16/2019 - 9/16/2019, Every day, Daily Average",820,586,1146
"1536","Traffic Zone 222420000","1123","Traffic Zone 223920000","9/16/2019 - 9/16/2019, Every day, Daily Average",669,420,1065
"1536","Traffic Zone 222420000","1124","Traffic Zone 224002000","9/16/2019 - 9/16/2019, Every day, Daily Average",938,703,1250
"1536","Traffic Zone 222420000","1125","Traffic Zone 224001000","9/16/2019 - 9/16/2019, Every day, Daily Average",768,552,1067
"1536","Traffic Zone 222420000","1126","Traffic Zone 223980000","9/16/2019 - 9/16/2019, Every day, Daily Average",911,666,1245
"1536","Traffic Zone 222420000","1127","Traffic Zone 222832000","9/16/2019 - 9/16/2019, Every day, Daily Average",676,467,978
"1536","Traffic Zone 222420000","1128","Traffic Zone 223950000","9/16/2019 - 9/16/2019, Every day, Daily Average",781,538,1132
"1536","Traffic Zone 222420000","1129","Traffic Zone 223933000","9/16/2019 - 9/16/2019, Every day, Daily Average",715,470,1086
"1536","Traffic Zone 222420000","1130","Traffic Zone 224090000","9/16/2019 - 9/16/2019, Every day, Daily Average",1199,867,1657
"1536","Traffic Zone 222420000","1131","Traffic Zone 224080000","9/16/2019 - 9/16/2019, Every day, Daily Average",1027,748,1408
"1536","Traffic Zone 222420000","1132","Traffic Zone 222831000","9/16/2019 - 9/16/2019, Every day, Daily Average",664,451,976
"1536","Traffic Zone 222420000","1133","Traffic Zone 224100000","9/16/2019 - 9/16/2019, Every day, Daily Average",736,493,1096
"1536","Traffic Zone 222420000","1134","Traffic Zone 222670000","9/16/2019 - 9/16/2019, Every day, Daily Average",608,392,942
"1536","Traffic Zone 222420000","1135","Traffic Zone 222641000","9/16/2019 - 9/16/2019, Every day, Daily Average",474,266,844
"1536","Traffic Zone 222420000","1136","Traffic Zone 254110000","9/16/2019 - 9/16/2019, Every day, Daily Average",1023,916,1141
"1536","Traffic Zone 222420000","1137","Traffic Zone 254080000","9/16/2019 - 9/16/2019, Every day, Daily Average",1024,717,1462
"1536","Traffic Zone 222420000","1138","Traffic Zone 222942000","9/16/2019 - 9/16/2019, Every day, Daily Average",788,550,1127
"1536","Traffic Zone 222420000","1139","Traffic Zone 222920000","9/16/2019 - 9/16/2019, Every day, Daily Average",713,513,989
"1536","Traffic Zone 222420000","1140","Traffic Zone 222860000","9/16/2019 - 9/16/2019, Every day, Daily Average",554,385,795
"1536","Traffic Zone 222420000","1141","Traffic Zone 254300000","9/16/2019 - 9/16/2019, Every day, Daily Average",1297,1043,1612
"1536","Traffic Zone 222420000","1142","Traffic Zone 224070000","9/16/2019 - 9/16/2019, Every day, Daily Average",920,673,1255
"1536","Traffic Zone 222420000","1143","Traffic Zone 222642000","9/16/2019 - 9/16/2019, Every day, Daily Average",514,306,861
"1536","Traffic Zone 222420000","1144","Traffic Zone 254120000","9/16/2019 - 9/16/2019, Every day, Daily Average",1151,857,1545
"1536","Traffic Zone 222420000","1145","Traffic Zone 254310000","9/16/2019 - 9/16/2019, Every day, Daily Average",1153,838,1585
"1536","Traffic Zone 222420000","1146","Traffic Zone 222871000","9/16/2019 - 9/16/2019, Every day, Daily Average",694,465,1034
"1536","Traffic Zone 222420000","1147","Traffic Zone 222821000","9/16/2019 - 9/16/2019, Every day, Daily Average",776,518,1161
"1536","Traffic Zone 222420000","1148","Traffic Zone 253290000","9/16/2019 - 9/16/2019, Every day, Daily Average",912,607,1368
"1536","Traffic Zone 222420000","1149","Traffic Zone 253280000","9/16/2019 - 9/16/2019, Every day, Daily Average",983,636,1517
"1536","Traffic Zone 222420000","1150","Traffic Zone 222910000","9/16/2019 - 9/16/2019, Every day, Daily Average",960,649,1419
"1536","Traffic Zone 222420000","1151","Traffic Zone 222822000","9/16/2019 - 9/16/2019, Every day, Daily Average",737,485,1118
"1536","Traffic Zone 222420000","1152","Traffic Zone 222702000","9/16/2019 - 9/16/2019, Every day, Daily Average",586,375,914
"1536","Traffic Zone 222420000","1153","Traffic Zone 224260000","9/16/2019 - 9/16/2019, Every day, Daily Average",1119,710,1761
"1536","Traffic Zone 222420000","1154","Traffic Zone 224200000","9/16/2019 - 9/16/2019, Every day, Daily Average",1208,885,1647
"1536","Traffic Zone 222420000","1155","Traffic Zone 222600000","9/16/2019 - 9/16/2019, Every day, Daily Average",216,120,387
"1536","Traffic Zone 222420000","1156","Traffic Zone 253500000","9/16/2019 - 9/16/2019, Every day, Daily Average",967,665,1404
"1536","Traffic Zone 222420000","1157","Traffic Zone 253520000","9/16/2019 - 9/16/2019, Every day, Daily Average",1015,742,1387
"1536","Traffic Zone 222420000","1158","Traffic Zone 253510200","9/16/2019 - 9/16/2019, Every day, Daily Average",857,637,1151
"1536","Traffic Zone 222420000","1159","Traffic Zone 222600001","9/16/2019 - 9/16/2019, Every day, Daily Average",191,95,383
"1536","Traffic Zone 222420000","1160","Traffic Zone 222872000","9/16/2019 - 9/16/2019, Every day, Daily Average",659,469,925
"1536","Traffic Zone 222420000","1162","Traffic Zone 253510100","9/16/2019 - 9/16/2019, Every day, Daily Average",959,743,1236
"1536","Traffic Zone 222420000","1163","Traffic Zone 254070000","9/16/2019 - 9/16/2019, Every day, Daily Average",776,539,1117
"1536","Traffic Zone 222420000","1164","Traffic Zone 224230000","9/16/2019 - 9/16/2019, Every day, Daily Average",1061,782,1438
"1536","Traffic Zone 222420000","1165","Traffic Zone 222701000","9/16/2019 - 9/16/2019, Every day, Daily Average",409,261,639
"1536","Traffic Zone 222420000","1166","Traffic Zone 254290000","9/16/2019 - 9/16/2019, Every day, Daily Average",1338,1016,1760
"1536","Traffic Zone 222420000","1167","Traffic Zone 222810000","9/16/2019 - 9/16/2019, Every day, Daily Average",562,361,874
"1536","Traffic Zone 222420000","1168","Traffic Zone 222600002","9/16/2019 - 9/16/2019, Every day, Daily Average",230,128,412
"1536","Traffic Zone 222420000","1169","Traffic Zone 254130000","9/16/2019 - 9/16/2019, Every day, Daily Average",1278,853,1914
"1536","Traffic Zone 222420000","1170","Traffic Zone 220630000","9/16/2019 - 9/16/2019, Every day, Daily Average",552,388,783
"1536","Traffic Zone 222420000","1171","Traffic Zone 224270000","9/16/2019 - 9/16/2019, Every day, Daily Average",1039,737,1463
"1536","Traffic Zone 222420000","1172","Traffic Zone 222880000","9/16/2019 - 9/16/2019, Every day, Daily Average",688,447,1056
"1536","Traffic Zone 222420000","1173","Traffic Zone 222890000","9/16/2019 - 9/16/2019, Every day, Daily Average",898,570,1412
"1536","Traffic Zone 222420000","1174","Traffic Zone 220620000","9/16/2019 - 9/16/2019, Every day, Daily Average",584,373,912
"1536","Traffic Zone 222420000","1175","Traffic Zone 220740000","9/16/2019 - 9/16/2019, Every day, Daily Average",501,302,830
"1536","Traffic Zone 222420000","1176","Traffic Zone 253270000","9/16/2019 - 9/16/2019, Every day, Daily Average",985,693,1398
"1536","Traffic Zone 222420000","1177","Traffic Zone 253300000","9/16/2019 - 9/16/2019, Every day, Daily Average",1058,746,1499
"1536","Traffic Zone 222420000","1179","Traffic Zone 224220000","9/16/2019 - 9/16/2019, Every day, Daily Average",1113,857,1444
"1536","Traffic Zone 222420000","1180","Traffic Zone 254250100","9/16/2019 - 9/16/2019, Every day, Daily Average",1373,1025,1838
"1536","Traffic Zone 222420000","1181","Traffic Zone 253490000","9/16/2019 - 9/16/2019, Every day, Daily Average",1051,773,1428
"1536","Traffic Zone 222420000","1182","Traffic Zone 253530000","9/16/2019 - 9/16/2019, Every day, Daily Average",1058,799,1399
"1536","Traffic Zone 222420000","1185","Traffic Zone 224310000","9/16/2019 - 9/16/2019, Every day, Daily Average",988,744,1310
"1536","Traffic Zone 222420000","1186","Traffic Zone 253240003","9/16/2019 - 9/16/2019, Every day, Daily Average",661,443,985
"1536","Traffic Zone 222420000","1187","Traffic Zone 254060000","9/16/2019 - 9/16/2019, Every day, Daily Average",830,576,1194
"1536","Traffic Zone 222420000","1188","Traffic Zone 224300000","9/16/2019 - 9/16/2019, Every day, Daily Average",1152,813,1630
"1536","Traffic Zone 222420000","1189","Traffic Zone 254140000","9/16/2019 - 9/16/2019, Every day, Daily Average",1218,844,1756
"1536","Traffic Zone 222420000","1190","Traffic Zone 253260300","9/16/2019 - 9/16/2019, Every day, Daily Average",934,664,1312
"1536","Traffic Zone 222420000","1191","Traffic Zone 253540000","9/16/2019 - 9/16/2019, Every day, Daily Average",1303,1012,1676
"1536","Traffic Zone 222420000","1192","Traffic Zone 253310300","9/16/2019 - 9/16/2019, Every day, Daily Average",987,727,1339
"1536","Traffic Zone 222420000","1193","Traffic Zone 253260400","9/16/2019 - 9/16/2019, Every day, Daily Average",967,698,1339
"1536","Traffic Zone 222420000","1195","Traffic Zone 254040000","9/16/2019 - 9/16/2019, Every day, Daily Average",1138,819,1580
"1536","Traffic Zone 222420000","1197","Traffic Zone 220605001","9/16/2019 - 9/16/2019, Every day, Daily Average",343,212,553
"1536","Traffic Zone 222420000","1198","Traffic Zone 254260100","9/16/2019 - 9/16/2019, Every day, Daily Average",1407,982,2015
"1536","Traffic Zone 222420000","1199","Traffic Zone 253480300","9/16/2019 - 9/16/2019, Every day, Daily Average",1001,841,1190
"1536","Traffic Zone 222420000","1200","Traffic Zone 220603000","9/16/2019 - 9/16/2019, Every day, Daily Average",579,315,1062
"1536","Traffic Zone 222420000","1202","Traffic Zone 220605000","9/16/2019 - 9/16/2019, Every day, Daily Average",371,214,642
"1536","Traffic Zone 222420000","1204","Traffic Zone 253480400","9/16/2019 - 9/16/2019, Every day, Daily Average",1131,898,1423
"1536","Traffic Zone 222420000","1205","Traffic Zone 220604000","9/16/2019 - 9/16/2019, Every day, Daily Average",745,495,1121
"1536","Traffic Zone 222420000","1206","Traffic Zone 220602000","9/16/2019 - 9/16/2019, Every day, Daily Average",649,401,1048
"1536","Traffic Zone 222420000","1207","Traffic Zone 253260500","9/16/2019 - 9/16/2019, Every day, Daily Average",1241,849,1812
"1536","Traffic Zone 222420000","1210","Traffic Zone 254320200","9/16/2019 - 9/16/2019, Every day, Daily Average",1287,932,1777
"1536","Traffic Zone 222420000","1211","Traffic Zone 253560300","9/16/2019 - 9/16/2019, Every day, Daily Average",1364,1023,1818
"1536","Traffic Zone 222420000","1212","Traffic Zone 254160300","9/16/2019 - 9/16/2019, Every day, Daily Average",1254,941,1669
"1536","Traffic Zone 222420000","1213","Traffic Zone 253550100","9/16/2019 - 9/16/2019, Every day, Daily Average",1279,1017,1607
"1536","Traffic Zone 222420000","1215","Traffic Zone 253480200","9/16/2019 - 9/16/2019, Every day, Daily Average",1298,886,1900
"1536","Traffic Zone 222420000","1216","Traffic Zone 253250000","9/16/2019 - 9/16/2019, Every day, Daily Average",1074,721,1598
"1536","Traffic Zone 222420000","1217","Traffic Zone 253260600","9/16/2019 - 9/16/2019, Every day, Daily Average",1201,748,1927
"1536","Traffic Zone 222420000","1218","Traffic Zone 254050100","9/16/2019 - 9/16/2019, Every day, Daily Average",918,637,1322
"1536","Traffic Zone 222420000","1219","Traffic Zone 254030000","9/16/2019 - 9/16/2019, Every day, Daily Average",985,776,1249
"1536","Traffic Zone 222420000","1221","Traffic Zone 253310600","9/16/2019 - 9/16/2019, Every day, Daily Average",1302,799,2120
"1536","Traffic Zone 222420000","1222","Traffic Zone 253240002","9/16/2019 - 9/16/2019, Every day, Daily Average",799,519,1229
"1536","Traffic Zone 222420000","1223","Traffic Zone 253240000","9/16/2019 - 9/16/2019, Every day, Daily Average",955,658,1385
"1536","Traffic Zone 222420000","1225","Traffic Zone 253310500","9/16/2019 - 9/16/2019, Every day, Daily Average",1187,861,1635
"1536","Traffic Zone 222420000","1226","Traffic Zone 220350000","9/16/2019 - 9/16/2019, Every day, Daily Average",576,358,925
"1536","Traffic Zone 222420000","1227","Traffic Zone 253550200","9/16/2019 - 9/16/2019, Every day, Daily Average",1605,1126,2286
"1536","Traffic Zone 222420000","1228","Traffic Zone 253310700","9/16/2019 - 9/16/2019, Every day, Daily Average",1285,778,2119
"1536","Traffic Zone 222420000","1229","Traffic Zone 220460000","9/16/2019 - 9/16/2019, Every day, Daily Average",448,282,709
"1536","Traffic Zone 222420000","1231","Traffic Zone 253550300","9/16/2019 - 9/16/2019, Every day, Daily Average",1899,1336,2697
"1536","Traffic Zone 222420000","1234","Traffic Zone 220441000","9/16/2019 - 9/16/2019, Every day, Daily Average",468,308,709
"1536","Traffic Zone 222420000","1235","Traffic Zone 220511000","9/16/2019 - 9/16/2019, Every day, Daily Average",761,483,1198
"1536","Traffic Zone 222420000","1236","Traffic Zone 254240200","9/16/2019 - 9/16/2019, Every day, Daily Average",1370,1012,1853
"1536","Traffic Zone 222420000","1239","Traffic Zone 220470000","9/16/2019 - 9/16/2019, Every day, Daily Average",410,253,663
"1536","Traffic Zone 222420000","1240","Traffic Zone 220512000","9/16/2019 - 9/16/2019, Every day, Daily Average",718,460,1118
"1536","Traffic Zone 222420000","1241","Traffic Zone 220442000","9/16/2019 - 9/16/2019, Every day, Daily Average",637,420,965
"1536","Traffic Zone 222420000","1244","Traffic Zone 253320200","9/16/2019 - 9/16/2019, Every day, Daily Average",1292,919,1815
"1536","Traffic Zone 222420000","1246","Traffic Zone 253320300","9/16/2019 - 9/16/2019, Every day, Daily Average",1221,910,1637
"1536","Traffic Zone 222420000","1247","Traffic Zone 253320100","9/16/2019 - 9/16/2019, Every day, Daily Average",1313,902,1910
"1536","Traffic Zone 222420000","1248","Traffic Zone 253450100","9/16/2019 - 9/16/2019, Every day, Daily Average",1705,1121,2591
"1536","Traffic Zone 222420000","1249","Traffic Zone 220360000","9/16/2019 - 9/16/2019, Every day, Daily Average",585,373,916
"1536","Traffic Zone 222420000","1250","Traffic Zone 220430000","9/16/2019 - 9/16/2019, Every day, Daily Average",571,414,785
"1536","Traffic Zone 222420000","1251","Traffic Zone 220330001","9/16/2019 - 9/16/2019, Every day, Daily Average",808,525,1243
"1536","Traffic Zone 222420000","1252","Traffic Zone 254020200","9/16/2019 - 9/16/2019, Every day, Daily Average",1310,882,1944
"1536","Traffic Zone 222420000","1254","Traffic Zone 220482000","9/16/2019 - 9/16/2019, Every day, Daily Average",461,294,721
"1536","Traffic Zone 222420000","1255","Traffic Zone 254020300","9/16/2019 - 9/16/2019, Every day, Daily Average",1009,740,1375
"1536","Traffic Zone 222420000","1257","Traffic Zone 220420000","9/16/2019 - 9/16/2019, Every day, Daily Average",711,483,1045
"1536","Traffic Zone 222420000","1260","Traffic Zone 220330000","9/16/2019 - 9/16/2019, Every day, Daily Average",835,578,1205
"1536","Traffic Zone 222420000","1261","Traffic Zone 254170000","9/16/2019 - 9/16/2019, Every day, Daily Average",1011,699,1461
"1536","Traffic Zone 222420000","1262","Traffic Zone 220481000","9/16/2019 - 9/16/2019, Every day, Daily Average",455,287,720
"1536","Traffic Zone 222420000","1263","Traffic Zone 253330000","9/16/2019 - 9/16/2019, Every day, Daily Average",1227,784,1920
"1536","Traffic Zone 222420000","1264","Traffic Zone 220372000","9/16/2019 - 9/16/2019, Every day, Daily Average",648,473,886
"1536","Traffic Zone 222420000","1265","Traffic Zone 220412000","9/16/2019 - 9/16/2019, Every day, Daily Average",572,356,917
"1536","Traffic Zone 222420000","1266","Traffic Zone 253350100","9/16/2019 - 9/16/2019, Every day, Daily Average",1328,817,2158
"1536","Traffic Zone 222420000","1267","Traffic Zone 220371000","9/16/2019 - 9/16/2019, Every day, Daily Average",747,498,1119
"1536","Traffic Zone 222420000","1268","Traffic Zone 253450200","9/16/2019 - 9/16/2019, Every day, Daily Average",1939,1352,2779
"1536","Traffic Zone 222420000","1269","Traffic Zone 254220000","9/16/2019 - 9/16/2019, Every day, Daily Average",1274,926,1751
"1536","Traffic Zone 222420000","1271","Traffic Zone 220411000","9/16/2019 - 9/16/2019, Every day, Daily Average",681,428,1081
"1536","Traffic Zone 222420000","1272","Traffic Zone 220320000","9/16/2019 - 9/16/2019, Every day, Daily Average",616,407,930
"1536","Traffic Zone 222420000","1273","Traffic Zone 253360300","9/16/2019 - 9/16/2019, Every day, Daily Average",1499,1101,2040
"1536","Traffic Zone 222420000","1274","Traffic Zone 220492000","9/16/2019 - 9/16/2019, Every day, Daily Average",503,327,772
"1536","Traffic Zone 222420000","1275","Traffic Zone 253360200","9/16/2019 - 9/16/2019, Every day, Daily Average",1461,996,2141
"1536","Traffic Zone 222420000","1276","Traffic Zone 220310000","9/16/2019 - 9/16/2019, Every day, Daily Average",666,428,1034
"1536","Traffic Zone 222420000","1278","Traffic Zone 220491000","9/16/2019 - 9/16/2019, Every day, Daily Average",782,526,1162
"1536","Traffic Zone 222420000","1279","Traffic Zone 254180100","9/16/2019 - 9/16/2019, Every day, Daily Average",1167,752,1809
"1536","Traffic Zone 222420000","1280","Traffic Zone 220380000","9/16/2019 - 9/16/2019, Every day, Daily Average",831,523,1319
"1536","Traffic Zone 222420000","1285","Traffic Zone 220390000","9/16/2019 - 9/16/2019, Every day, Daily Average",479,310,739
"1536","Traffic Zone 222420000","1287","Traffic Zone 254210100","9/16/2019 - 9/16/2019, Every day, Daily Average",1321,914,1907
"1536","Traffic Zone 222420000","1288","Traffic Zone 254210200","9/16/2019 - 9/16/2019, Every day, Daily Average",1361,940,1969
"1536","Traffic Zone 222420000","1290","Traffic Zone 253600000","9/16/2019 - 9/16/2019, Every day, Daily Average",2202,1377,3519
"1536","Traffic Zone 222420000","1291","Traffic Zone 254010100","9/16/2019 - 9/16/2019, Every day, Daily Average",1417,1012,1982
"1536","Traffic Zone 222420000","1294","Traffic Zone 253240001","9/16/2019 - 9/16/2019, Every day, Daily Average",844,581,1224
"1536","Traffic Zone 222420000","1295","Traffic Zone 253110100","9/16/2019 - 9/16/2019, Every day, Daily Average",499,324,768
"1536","Traffic Zone 222420000","1296","Traffic Zone 253090100","9/16/2019 - 9/16/2019, Every day, Daily Average",781,556,1096
"1536","Traffic Zone 222420000","1297","Traffic Zone 254180200","9/16/2019 - 9/16/2019, Every day, Daily Average",1177,822,1685
"1536","Traffic Zone 222420000","1299","Traffic Zone 253080100","9/16/2019 - 9/16/2019, Every day, Daily Average",686,452,1039
"1536","Traffic Zone 222420000","1300","Traffic Zone 253340300","9/16/2019 - 9/16/2019, Every day, Daily Average",947,701,1277
"1536","Traffic Zone 222420000","1301","Traffic Zone 253120200","9/16/2019 - 9/16/2019, Every day, Daily Average",792,545,1149
"1536","Traffic Zone 222420000","1302","Traffic Zone 253120100","9/16/2019 - 9/16/2019, Every day, Daily Average",515,335,789
"1536","Traffic Zone 222420000","1303","Traffic Zone 253130200","9/16/2019 - 9/16/2019, Every day, Daily Average",581,377,894
"1536","Traffic Zone 222420000","1305","Traffic Zone 254000000","9/16/2019 - 9/16/2019, Every day, Daily Average",1209,889,1643
"1536","Traffic Zone 222420000","1307","Traffic Zone 253130100","9/16/2019 - 9/16/2019, Every day, Daily Average",965,644,1444
"1536","Traffic Zone 222420000","1309","Traffic Zone 253370100","9/16/2019 - 9/16/2019, Every day, Daily Average",844,623,1142
"1536","Traffic Zone 222420000","1310","Traffic Zone 253610100","9/16/2019 - 9/16/2019, Every day, Daily Average",1130,831,1535
"1536","Traffic Zone 222420000","1311","Traffic Zone 253080200","9/16/2019 - 9/16/2019, Every day, Daily Average",721,483,1075
"1536","Traffic Zone 222420000","1312","Traffic Zone 253090200","9/16/2019 - 9/16/2019, Every day, Daily Average",970,700,1343
"1536","Traffic Zone 222420000","1313","Traffic Zone 253110200","9/16/2019 - 9/16/2019, Every day, Daily Average",525,344,801
"1536","Traffic Zone 222420000","1314","Traffic Zone 253070000","9/16/2019 - 9/16/2019, Every day, Daily Average",738,485,1121
"1536","Traffic Zone 222420000","1317","Traffic Zone 253230200","9/16/2019 - 9/16/2019, Every day, Daily Average",674,447,1014
"1536","Traffic Zone 222420000","1319","Traffic Zone 253060100","9/16/2019 - 9/16/2019, Every day, Daily Average",757,506,1132
"1536","Traffic Zone 222420000","1320","Traffic Zone 253370300","9/16/2019 - 9/16/2019, Every day, Daily Average",951,641,1410
"1536","Traffic Zone 222420000","1321","Traffic Zone 253100000","9/16/2019 - 9/16/2019, Every day, Daily Average",584,384,886
"1536","Traffic Zone 222420000","1322","Traffic Zone 253150100","9/16/2019 - 9/16/2019, Every day, Daily Average",586,383,896
"1536","Traffic Zone 222420000","1323","Traffic Zone 253230400","9/16/2019 - 9/16/2019, Every day, Daily Average",915,625,1337
"1536","Traffic Zone 222420000","1324","Traffic Zone 253060200","9/16/2019 - 9/16/2019, Every day, Daily Average",767,518,1134
"1536","Traffic Zone 222420000","1325","Traffic Zone 253150200","9/16/2019 - 9/16/2019, Every day, Daily Average",832,520,1331
"1536","Traffic Zone 222420000","1326","Traffic Zone 253380100","9/16/2019 - 9/16/2019, Every day, Daily Average",1081,714,1636
"1536","Traffic Zone 222420000","1328","Traffic Zone 253620000","9/16/2019 - 9/16/2019, Every day, Daily Average",1399,961,2034
"1536","Traffic Zone 222420000","1329","Traffic Zone 253610200","9/16/2019 - 9/16/2019, Every day, Daily Average",1140,782,1660
"1536","Traffic Zone 222420000","1330","Traffic Zone 253410100","9/16/2019 - 9/16/2019, Every day, Daily Average",1234,811,1876
"1536","Traffic Zone 222420000","1331","Traffic Zone 253050000","9/16/2019 - 9/16/2019, Every day, Daily Average",608,403,917
"1536","Traffic Zone 222420000","1332","Traffic Zone 253160200","9/16/2019 - 9/16/2019, Every day, Daily Average",1303,912,1861
"1536","Traffic Zone 222420000","1333","Traffic Zone 253160400","9/16/2019 - 9/16/2019, Every day, Daily Average",996,659,1505
"1536","Traffic Zone 222420000","1334","Traffic Zone 253410200","9/16/2019 - 9/16/2019, Every day, Daily Average",1514,958,2391
"1536","Traffic Zone 222420000","1337","Traffic Zone 253170200","9/16/2019 - 9/16/2019, Every day, Daily Average",1323,976,1792
"1536","Traffic Zone 222420000","1339","Traffic Zone 253230300","9/16/2019 - 9/16/2019, Every day, Daily Average",720,499,1037
"1536","Traffic Zone 222420000","1340","Traffic Zone 253390200","9/16/2019 - 9/16/2019, Every day, Daily Average",1868,1224,2849
"1536","Traffic Zone 222420000","1342","Traffic Zone 253030100","9/16/2019 - 9/16/2019, Every day, Daily Average",909,593,1392
"1536","Traffic Zone 222420000","1343","Traffic Zone 253230301","9/16/2019 - 9/16/2019, Every day, Daily Average",1139,749,1731
"1536","Traffic Zone 222420000","1344","Traffic Zone 253040000","9/16/2019 - 9/16/2019, Every day, Daily Average",656,435,988
"1536","Traffic Zone 222420000","1345","Traffic Zone 253170100","9/16/2019 - 9/16/2019, Every day, Daily Average",1107,743,1649
"1536","Traffic Zone 222420000","1346","Traffic Zone 253230401","9/16/2019 - 9/16/2019, Every day, Daily Average",836,576,1211
"1536","Traffic Zone 222420000","1347","Traffic Zone 253030200","9/16/2019 - 9/16/2019, Every day, Daily Average",698,458,1061
"1536","Traffic Zone 222420000","1348","Traffic Zone 253400100","9/16/2019 - 9/16/2019, Every day, Daily Average",1917,1257,2921
"1536","Traffic Zone 222420000","1349","Traffic Zone 253230302","9/16/2019 - 9/16/2019, Every day, Daily Average",1104,711,1713
"1536","Traffic Zone 222420000","1350","Traffic Zone 253190100","9/16/2019 - 9/16/2019, Every day, Daily Average",1457,1078,1968
"1536","Traffic Zone 222420000","1351","Traffic Zone 253400200","9/16/2019 - 9/16/2019, Every day, Daily Average",1885,1260,2818
"1536","Traffic Zone 222420000","1352","Traffic Zone 253180000","9/16/2019 - 9/16/2019, Every day, Daily Average",1062,664,1697
"1536","Traffic Zone 222420000","1353","Traffic Zone 253020200","9/16/2019 - 9/16/2019, Every day, Daily Average",740,486,1126
"1536","Traffic Zone 222420000","1354","Traffic Zone 253230303","9/16/2019 - 9/16/2019, Every day, Daily Average",1107,694,1765
"1536","Traffic Zone 222420000","1355","Traffic Zone 253230402","9/16/2019 - 9/16/2019, Every day, Daily Average",914,627,1330
"1536","Traffic Zone 222420000","1356","Traffic Zone 253190200","9/16/2019 - 9/16/2019, Every day, Daily Average",1454,990,2135
"1536","Traffic Zone 222420000","1357","Traffic Zone 253020400","9/16/2019 - 9/16/2019, Every day, Daily Average",1339,953,1879
"1536","Traffic Zone 222420000","1358","Traffic Zone 253020300","9/16/2019 - 9/16/2019, Every day, Daily Average",739,501,1088
"1536","Traffic Zone 222420000","1359","Traffic Zone 253200100","9/16/2019 - 9/16/2019, Every day, Daily Average",1220,837,1778
"1536","Traffic Zone 222420000","1360","Traffic Zone 253220000","9/16/2019 - 9/16/2019, Every day, Daily Average",1355,881,2083
"1536","Traffic Zone 222420000","1362","Traffic Zone 253000500","9/16/2019 - 9/16/2019, Every day, Daily Average",755,525,1085
"1536","Traffic Zone 222420000","1363","Traffic Zone 253010200","9/16/2019 - 9/16/2019, Every day, Daily Average",1325,930,1886
"1536","Traffic Zone 222420000","1364","Traffic Zone 253000600","9/16/2019 - 9/16/2019, Every day, Daily Average",1307,950,1797
"1536","Traffic Zone 222420000","1368","Traffic Zone 253000300","9/16/2019 - 9/16/2019, Every day, Daily Average",833,633,1094
"1536","Traffic Zone 222420000","1370","Traffic Zone 255370200","9/16/2019 - 9/16/2019, Every day, Daily Average",1288,889,1865
"1536","Traffic Zone 222420000","1371","Traffic Zone 255370100","9/16/2019 - 9/16/2019, Every day, Daily Average",1158,835,1605
"1536","Traffic Zone 222420000","1374","Traffic Zone 255360100","9/16/2019 - 9/16/2019, Every day, Daily Average",1270,886,1820
"1536","Traffic Zone 222420000","1375","Traffic Zone 255360200","9/16/2019 - 9/16/2019, Every day, Daily Average",1327,908,1939
"1536","Traffic Zone 222420000","1379","Traffic Zone 255350100","9/16/2019 - 9/16/2019, Every day, Daily Average",1476,980,2221
"1536","Traffic Zone 222420000","1383","Traffic Zone 255340000","9/16/2019 - 9/16/2019, Every day, Daily Average",1372,933,2017
"1536","Traffic Zone 222420000","1384","Traffic Zone 255430000","9/16/2019 - 9/16/2019, Every day, Daily Average",1534,1115,2109
"1536","Traffic Zone 222420000","1385","Traffic Zone 255170000","9/16/2019 - 9/16/2019, Every day, Daily Average",1490,1002,2213
"1536","Traffic Zone 222420000","1388","Traffic Zone 255440300","9/16/2019 - 9/16/2019, Every day, Daily Average",1679,1134,2483
"1536","Traffic Zone 222420000","1395","Traffic Zone 255070000","9/16/2019 - 9/16/2019, Every day, Daily Average",956,670,1362
"1536","Traffic Zone 222420000","1396","Traffic Zone 255440400","9/16/2019 - 9/16/2019, Every day, Daily Average",1688,1162,2450
"1536","Traffic Zone 222420000","1399","Traffic Zone 255180000","9/16/2019 - 9/16/2019, Every day, Daily Average",1557,1068,2268
"1536","Traffic Zone 222420000","1405","Traffic Zone 255060000","9/16/2019 - 9/16/2019, Every day, Daily Average",1028,713,1480
"1536","Traffic Zone 222420000","1407","Traffic Zone 255440100","9/16/2019 - 9/16/2019, Every day, Daily Average",1577,1176,2114
"1536","Traffic Zone 222420000","1410","Traffic Zone 250250000","9/16/2019 - 9/16/2019, Every day, Daily Average",1447,975,2146
"1536","Traffic Zone 222420000","1411","Traffic Zone 255452101","9/16/2019 - 9/16/2019, Every day, Daily Average",1544,1123,2121
"1536","Traffic Zone 222420000","1412","Traffic Zone 255190000","9/16/2019 - 9/16/2019, Every day, Daily Average",1437,1021,2021
"1536","Traffic Zone 222420000","1413","Traffic Zone 255050000","9/16/2019 - 9/16/2019, Every day, Daily Average",1089,776,1526
"1536","Traffic Zone 222420000","1414","Traffic Zone 255300000","9/16/2019 - 9/16/2019, Every day, Daily Average",1454,1058,1997
"1536","Traffic Zone 222420000","1415","Traffic Zone 255452102","9/16/2019 - 9/16/2019, Every day, Daily Average",1602,1176,2181
"1536","Traffic Zone 222420000","1416","Traffic Zone 250260200","9/16/2019 - 9/16/2019, Every day, Daily Average",1406,974,2028
"1536","Traffic Zone 222420000","1417","Traffic Zone 255030000","9/16/2019 - 9/16/2019, Every day, Daily Average",1248,917,1697
"1536","Traffic Zone 222420000","1418","Traffic Zone 255040000","9/16/2019 - 9/16/2019, Every day, Daily Average",1215,879,1678
"1536","Traffic Zone 222420000","1420","Traffic Zone 255452100","9/16/2019 - 9/16/2019, Every day, Daily Average",1659,1302,2112
"1536","Traffic Zone 222420000","1422","Traffic Zone 255452103","9/16/2019 - 9/16/2019, Every day, Daily Average",1690,1212,2355
"1536","Traffic Zone 222420000","1423","Traffic Zone 250260100","9/16/2019 - 9/16/2019, Every day, Daily Average",1707,1062,2743
"1536","Traffic Zone 222420000","1424","Traffic Zone 255452200","9/16/2019 - 9/16/2019, Every day, Daily Average",1535,1270,1854
"1536","Traffic Zone 222420000","1425","Traffic Zone 255500100","9/16/2019 - 9/16/2019, Every day, Daily Average",1555,1270,1903
"1536","Traffic Zone 222420000","1429","Traffic Zone 255020000","9/16/2019 - 9/16/2019, Every day, Daily Average",1250,947,1649
"1536","Traffic Zone 222420000","1430","Traffic Zone 255500200","9/16/2019 - 9/16/2019, Every day, Daily Average",1597,1309,1947
"1536","Traffic Zone 222420000","1434","Traffic Zone 250280001","9/16/2019 - 9/16/2019, Every day, Daily Average",1739,955,3166
"1536","Traffic Zone 222420000","1437","Traffic Zone 255480100","9/16/2019 - 9/16/2019, Every day, Daily Average",1794,1263,2546
"1536","Traffic Zone 222420000","1442","Traffic Zone 250230100","9/16/2019 - 9/16/2019, Every day, Daily Average",1629,445,5955
"1536","Traffic Zone 222420000","1447","Traffic Zone 250270000","9/16/2019 - 9/16/2019, Every day, Daily Average",1622,806,3262
"1536","Traffic Zone 222420000","1449","Traffic Zone 255010000","9/16/2019 - 9/16/2019, Every day, Daily Average",1278,983,1660
"1536","Traffic Zone 222420000","1452","Traffic Zone 255451400","9/16/2019 - 9/16/2019, Every day, Daily Average",1849,1308,2612
"1536","Traffic Zone 222420000","1453","Traffic Zone 255220000","9/16/2019 - 9/16/2019, Every day, Daily Average",1333,1037,1713
"1536","Traffic Zone 222420000","1458","Traffic Zone 250280000","9/16/2019 - 9/16/2019, Every day, Daily Average",1740,1390,2176
"1536","Traffic Zone 222420000","1459","Traffic Zone 250230200","9/16/2019 - 9/16/2019, Every day, Daily Average",1413,1231,1621
"1536","Traffic Zone 222420000","1463","Traffic Zone 250040100","9/16/2019 - 9/16/2019, Every day, Daily Average",1866,1241,2804
"1536","Traffic Zone 222420000","1466","Traffic Zone 250120000","9/16/2019 - 9/16/2019, Every day, Daily Average",1980,1315,2979
"1536","Traffic Zone 222420000","1467","Traffic Zone 250270001","9/16/2019 - 9/16/2019, Every day, Daily Average",1522,1354,1710
"1536","Traffic Zone 222420000","1468","Traffic Zone 255230000","9/16/2019 - 9/16/2019, Every day, Daily Average",1592,1282,1975
"1536","Traffic Zone 222420000","1470","Traffic Zone 255451700","9/16/2019 - 9/16/2019, Every day, Daily Average",1827,1318,2531
"1536","Traffic Zone 222420000","1471","Traffic Zone 255451200","9/16/2019 - 9/16/2019, Every day, Daily Average",1894,1358,2640
"1536","Traffic Zone 222420000","1473","Traffic Zone 255240000","9/16/2019 - 9/16/2019, Every day, Daily Average",1595,1140,2230
"1536","Traffic Zone 222420000","1479","Traffic Zone 250410201","9/16/2019 - 9/16/2019, Every day, Daily Average",1435,1136,1811
"1536","Traffic Zone 222420000","1484","Traffic Zone 255451800","9/16/2019 - 9/16/2019, Every day, Daily Average",1844,1332,2552
"1536","Traffic Zone 222420000","1486","Traffic Zone 250030000","9/16/2019 - 9/16/2019, Every day, Daily Average",1694,1137,2522
"1536","Traffic Zone 222420000","1487","Traffic Zone 250410200","9/16/2019 - 9/16/2019, Every day, Daily Average",1558,1214,1998
"1536","Traffic Zone 222420000","1501","Traffic Zone 250390200","9/16/2019 - 9/16/2019, Every day, Daily Average",1611,1251,2073
"1536","Traffic Zone 222420000","1520","Traffic Zone 222431000","9/16/2019 - 9/16/2019, Every day, Daily Average",175,79,386
"1536","Traffic Zone 222420000","1521","Traffic Zone 220981000","9/16/2019 - 9/16/2019, Every day, Daily Average",251,145,433
"1536","Traffic Zone 222420000","1522","Traffic Zone 220871000","9/16/2019 - 9/16/2019, Every day, Daily Average",712,470,1078
"1536","Traffic Zone 222420000","1523","Traffic Zone 220951000","9/16/2019 - 9/16/2019, Every day, Daily Average",404,231,704
"1536","Traffic Zone 222420000","1524","Traffic Zone 220872000","9/16/2019 - 9/16/2019, Every day, Daily Average",636,417,967
"1536","Traffic Zone 222420000","1525","Traffic Zone 220940100","9/16/2019 - 9/16/2019, Every day, Daily Average",549,365,825
"1536","Traffic Zone 222420000","1526","Traffic Zone 220861000","9/16/2019 - 9/16/2019, Every day, Daily Average",685,458,1023
"1536","Traffic Zone 222420000","1527","Traffic Zone 222432000","9/16/2019 - 9/16/2019, Every day, Daily Average",100,46,215
"1536","Traffic Zone 222420000","1528","Traffic Zone 222441000","9/16/2019 - 9/16/2019, Every day, Daily Average",191,71,508
"1536","Traffic Zone 222420000","1529","Traffic Zone 222470000","9/16/2019 - 9/16/2019, Every day, Daily Average",308,180,524
"1536","Traffic Zone 222420000","1530","Traffic Zone 220982000","9/16/2019 - 9/16/2019, Every day, Daily Average",146,80,265
"1536","Traffic Zone 222420000","1531","Traffic Zone 222442000","9/16/2019 - 9/16/2019, Every day, Daily Average",68,34,134
"1536","Traffic Zone 222420000","1532","Traffic Zone 220862000","9/16/2019 - 9/16/2019, Every day, Daily Average",644,413,1001
"1536","Traffic Zone 222420000","1533","Traffic Zone 220880000","9/16/2019 - 9/16/2019, Every day, Daily Average",594,366,961
"1536","Traffic Zone 222420000","1534","Traffic Zone 220940200","9/16/2019 - 9/16/2019, Every day, Daily Average",480,289,795
"1536","Traffic Zone 222420000","1535","Traffic Zone 220952000","9/16/2019 - 9/16/2019, Every day, Daily Average",292,161,527
"1536","Traffic Zone 222420000","1536","Traffic Zone 222420000","9/16/2019 - 9/16/2019, Every day, Daily Average",128,42,389
"1536","Traffic Zone 222420000","1537","Traffic Zone 220940300","9/16/2019 - 9/16/2019, Every day, Daily Average",432,274,680
"1536","Traffic Zone 222420000","1538","Traffic Zone 220890300","9/16/2019 - 9/16/2019, Every day, Daily Average",551,324,936
"1536","Traffic Zone 222420000","1539","Traffic Zone 222460000","9/16/2019 - 9/16/2019, Every day, Daily Average",117,63,216
"1536","Traffic Zone 222420000","1540","Traffic Zone 220850000","9/16/2019 - 9/16/2019, Every day, Daily Average",573,364,900
"1536","Traffic Zone 222420000","1541","Traffic Zone 220890200","9/16/2019 - 9/16/2019, Every day, Daily Average",506,333,766
"1536","Traffic Zone 222420000","1542","Traffic Zone 221001000","9/16/2019 - 9/16/2019, Every day, Daily Average",78,34,173
"1536","Traffic Zone 222420000","1543","Traffic Zone 220890400","9/16/2019 - 9/16/2019, Every day, Daily Average",518,309,865
"1536","Traffic Zone 222420000","1544","Traffic Zone 222402000","9/16/2019 - 9/16/2019, Every day, Daily Average",226,94,542
"1536","Traffic Zone 222420000","1545","Traffic Zone 220771000","9/16/2019 - 9/16/2019, Every day, Daily Average",97,50,187
"1536","Traffic Zone 222420000","1546","Traffic Zone 220930000","9/16/2019 - 9/16/2019, Every day, Daily Average",188,84,417
"1536","Traffic Zone 222420000","1547","Traffic Zone 220840000","9/16/2019 - 9/16/2019, Every day, Daily Average",493,301,804
"1536","Traffic Zone 222420000","1548","Traffic Zone 220910200","9/16/2019 - 9/16/2019, Every day, Daily Average",461,295,719
"1536","Traffic Zone 222420000","1549","Traffic Zone 222401000","9/16/2019 - 9/16/2019, Every day, Daily Average",81,36,177
"1536","Traffic Zone 222420000","1550","Traffic Zone 220910100","9/16/2019 - 9/16/2019, Every day, Daily Average",394,222,698
"1536","Traffic Zone 222420000","1551","Traffic Zone 220771004","9/16/2019 - 9/16/2019, Every day, Daily Average",173,91,327
"1536","Traffic Zone 222420000","1552","Traffic Zone 220790001","9/16/2019 - 9/16/2019, Every day, Daily Average",216,122,380
"1536","Traffic Zone 222420000","1553","Traffic Zone 220920001","9/16/2019 - 9/16/2019, Every day, Daily Average",220,105,457
"1536","Traffic Zone 222420000","1554","Traffic Zone 222401001","9/16/2019 - 9/16/2019, Every day, Daily Average",130,64,260
"1536","Traffic Zone 222420000","1555","Traffic Zone 220830000","9/16/2019 - 9/16/2019, Every day, Daily Average",297,154,570
"1536","Traffic Zone 222420000","1556","Traffic Zone 220920000","9/16/2019 - 9/16/2019, Every day, Daily Average",261,135,503
"1536","Traffic Zone 222420000","1557","Traffic Zone 220771003","9/16/2019 - 9/16/2019, Every day, Daily Average",224,114,438
"1536","Traffic Zone 222420000","1558","Traffic Zone 220771001","9/16/2019 - 9/16/2019, Every day, Daily Average",349,233,522
"1536","Traffic Zone 222420000","1559","Traffic Zone 220790000","9/16/2019 - 9/16/2019, Every day, Daily Average",347,220,545
"1536","Traffic Zone 222420000","1560","Traffic Zone 220800000","9/16/2019 - 9/16/2019, Every day, Daily Average",332,171,641
"1536","Traffic Zone 222420000","1561","Traffic Zone 220771002","9/16/2019 - 9/16/2019, Every day, Daily Average",363,222,591
"1536","Traffic Zone 222420000","1562","Traffic Zone 220750000","9/16/2019 - 9/16/2019, Every day, Daily Average",283,145,549
"1536","Traffic Zone 222420000","1563","Traffic Zone 220730001","9/16/2019 - 9/16/2019, Every day, Daily Average",413,283,602
"1536","Traffic Zone 222420000","1564","Traffic Zone 220750001","9/16/2019 - 9/16/2019, Every day, Daily Average",306,155,601
"1536","Traffic Zone 222420000","1565","Traffic Zone 220730002","9/16/2019 - 9/16/2019, Every day, Daily Average",463,294,727
"1536","Traffic Zone 222420000","1566","Traffic Zone 220740001","9/16/2019 - 9/16/2019, Every day, Daily Average",345,183,649
"1536","Traffic Zone 222420000","1567","Traffic Zone 220750002","9/16/2019 - 9/16/2019, Every day, Daily Average",483,286,814
"1536","Traffic Zone 222420000","1568","Traffic Zone 220730000","9/16/2019 - 9/16/2019, Every day, Daily Average",494,303,804
"1536","Traffic Zone 222420000","1569","Traffic Zone 220740002","9/16/2019 - 9/16/2019, Every day, Daily Average",421,241,735
"1536","Traffic Zone 222420000","1570","Traffic Zone 220740003","9/16/2019 - 9/16/2019, Every day, Daily Average",433,255,733
"1536","Traffic Zone 222420000","1571","Traffic Zone 230160200","9/16/2019 - 9/16/2019, Every day, Daily Average",1174,813,1693
"1536","Traffic Zone 222420000","1572","Traffic Zone 218820000","9/16/2019 - 9/16/2019, Every day, Daily Average",1003,666,1509
"1536","Traffic Zone 222420000","1573","Traffic Zone 230160101","9/16/2019 - 9/16/2019, Every day, Daily Average",1321,920,1896
"1536","Traffic Zone 222420000","1574","Traffic Zone 230150200","9/16/2019 - 9/16/2019, Every day, Daily Average",1300,875,1931
"1536","Traffic Zone 222420000","1575","Traffic Zone 230160102","9/16/2019 - 9/16/2019, Every day, Daily Average",1132,791,1618
"1536","Traffic Zone 222420000","1576","Traffic Zone 230150100","9/16/2019 - 9/16/2019, Every day, Daily Average",1040,742,1457
"1536","Traffic Zone 222420000","1577","Traffic Zone 219530000","9/16/2019 - 9/16/2019, Every day, Daily Average",1041,739,1465
"1536","Traffic Zone 222420000","1579","Traffic Zone 219590000","9/16/2019 - 9/16/2019, Every day, Daily Average",609,368,1005
"1536","Traffic Zone 222420000","1580","Traffic Zone 219580200","9/16/2019 - 9/16/2019, Every day, Daily Average",565,339,940
"1536","Traffic Zone 222420000","1581","Traffic Zone 219520000","9/16/2019 - 9/16/2019, Every day, Daily Average",1144,784,1667
"1536","Traffic Zone 222420000","1582","Traffic Zone 219580100","9/16/2019 - 9/16/2019, Every day, Daily Average",689,410,1157
"1536","Traffic Zone 222420000","1583","Traffic Zone 219540000","9/16/2019 - 9/16/2019, Every day, Daily Average",969,627,1495
"1536","Traffic Zone 222420000","1584","Traffic Zone 230170100","9/16/2019 - 9/16/2019, Every day, Daily Average",1245,853,1816
"1536","Traffic Zone 222420000","1585","Traffic Zone 230120200","9/16/2019 - 9/16/2019, Every day, Daily Average",1303,937,1810
"1536","Traffic Zone 222420000","1586","Traffic Zone 218810000","9/16/2019 - 9/16/2019, Every day, Daily Average",1037,693,1549
"1536","Traffic Zone 222420000","1587","Traffic Zone 230170200","9/16/2019 - 9/16/2019, Every day, Daily Average",1083,755,1551
"1536","Traffic Zone 222420000","1589","Traffic Zone 219571000","9/16/2019 - 9/16/2019, Every day, Daily Average",520,307,879
"1536","Traffic Zone 222420000","1590","Traffic Zone 219510000","9/16/2019 - 9/16/2019, Every day, Daily Average",1131,733,1742
"1536","Traffic Zone 222420000","1591","Traffic Zone 219560000","9/16/2019 - 9/16/2019, Every day, Daily Average",793,487,1289
"1536","Traffic Zone 222420000","1592","Traffic Zone 219550000","9/16/2019 - 9/16/2019, Every day, Daily Average",869,552,1366
"1536","Traffic Zone 222420000","1593","Traffic Zone 219572000","9/16/2019 - 9/16/2019, Every day, Daily Average",505,291,873
"1536","Traffic Zone 222420000","1594","Traffic Zone 218830000","9/16/2019 - 9/16/2019, Every day, Daily Average",1020,640,1625
"1536","Traffic Zone 222420000","1595","Traffic Zone 230230100","9/16/2019 - 9/16/2019, Every day, Daily Average",1251,875,1787
"1536","Traffic Zone 222420000","1596","Traffic Zone 230230200","9/16/2019 - 9/16/2019, Every day, Daily Average",1144,795,1645
"1536","Traffic Zone 222420000","1598","Traffic Zone 230240001","9/16/2019 - 9/16/2019, Every day, Daily Average",1333,930,1909
"1536","Traffic Zone 222420000","1599","Traffic Zone 230120300","9/16/2019 - 9/16/2019, Every day, Daily Average",1536,1145,2060
"1536","Traffic Zone 222420000","1600","Traffic Zone 230180001","9/16/2019 - 9/16/2019, Every day, Daily Average",1249,902,1729
"1536","Traffic Zone 222420000","1601","Traffic Zone 230180000","9/16/2019 - 9/16/2019, Every day, Daily Average",1252,875,1789
"1536","Traffic Zone 222420000","1602","Traffic Zone 230120400","9/16/2019 - 9/16/2019, Every day, Daily Average",1391,1003,1928
"1536","Traffic Zone 222420000","1604","Traffic Zone 219750000","9/16/2019 - 9/16/2019, Every day, Daily Average",479,272,842
"1536","Traffic Zone 222420000","1605","Traffic Zone 230070200","9/16/2019 - 9/16/2019, Every day, Daily Average",1389,1103,1748
"1536","Traffic Zone 222420000","1606","Traffic Zone 219742000","9/16/2019 - 9/16/2019, Every day, Daily Average",851,547,1322
"1536","Traffic Zone 222420000","1607","Traffic Zone 230040000","9/16/2019 - 9/16/2019, Every day, Daily Average",1492,1029,2162
"1536","Traffic Zone 222420000","1608","Traffic Zone 218730000","9/16/2019 - 9/16/2019, Every day, Daily Average",799,500,1276
"1536","Traffic Zone 222420000","1609","Traffic Zone 219741000","9/16/2019 - 9/16/2019, Every day, Daily Average",1033,670,1590
"1536","Traffic Zone 222420000","1610","Traffic Zone 219760000","9/16/2019 - 9/16/2019, Every day, Daily Average",376,200,705
"1536","Traffic Zone 222420000","1611","Traffic Zone 219730000","9/16/2019 - 9/16/2019, Every day, Daily Average",708,474,1057
"1536","Traffic Zone 222420000","1613","Traffic Zone 230200200","9/16/2019 - 9/16/2019, Every day, Daily Average",1535,1082,2177
"1536","Traffic Zone 222420000","1614","Traffic Zone 230250100","9/16/2019 - 9/16/2019, Every day, Daily Average",1278,974,1676
"1536","Traffic Zone 222420000","1615","Traffic Zone 230220200","9/16/2019 - 9/16/2019, Every day, Daily Average",1257,1021,1546
"1536","Traffic Zone 222420000","1616","Traffic Zone 230220100","9/16/2019 - 9/16/2019, Every day, Daily Average",1373,1088,1731
"1536","Traffic Zone 222420000","1617","Traffic Zone 230250200","9/16/2019 - 9/16/2019, Every day, Daily Average",1141,805,1616
"1536","Traffic Zone 222420000","1618","Traffic Zone 219770000","9/16/2019 - 9/16/2019, Every day, Daily Average",389,205,735
"1536","Traffic Zone 222420000","1619","Traffic Zone 218720000","9/16/2019 - 9/16/2019, Every day, Daily Average",673,430,1052
"1536","Traffic Zone 222420000","1620","Traffic Zone 230190000","9/16/2019 - 9/16/2019, Every day, Daily Average",1208,840,1735
"1536","Traffic Zone 222420000","1621","Traffic Zone 218640100","9/16/2019 - 9/16/2019, Every day, Daily Average",830,528,1302
"1536","Traffic Zone 222420000","1622","Traffic Zone 218710000","9/16/2019 - 9/16/2019, Every day, Daily Average",807,501,1299
"1536","Traffic Zone 222420000","1623","Traffic Zone 230110000","9/16/2019 - 9/16/2019, Every day, Daily Average",1204,889,1630
"1536","Traffic Zone 222420000","1624","Traffic Zone 220710000","9/16/2019 - 9/16/2019, Every day, Daily Average",514,270,976
"1536","Traffic Zone 222420000","1625","Traffic Zone 220710001","9/16/2019 - 9/16/2019, Every day, Daily Average",481,242,953
"1536","Traffic Zone 222420000","1626","Traffic Zone 230200100","9/16/2019 - 9/16/2019, Every day, Daily Average",1516,1059,2169
"1536","Traffic Zone 222420000","1627","Traffic Zone 219720000","9/16/2019 - 9/16/2019, Every day, Daily Average",574,360,912
"1536","Traffic Zone 222420000","1628","Traffic Zone 230210200","9/16/2019 - 9/16/2019, Every day, Daily Average",933,617,1410
"1536","Traffic Zone 222420000","1629","Traffic Zone 218640200","9/16/2019 - 9/16/2019, Every day, Daily Average",785,519,1186
"1536","Traffic Zone 222420000","1630","Traffic Zone 230050100","9/16/2019 - 9/16/2019, Every day, Daily Average",1370,964,1946
"1536","Traffic Zone 222420000","1631","Traffic Zone 219711000","9/16/2019 - 9/16/2019, Every day, Daily Average",468,262,834
"1536","Traffic Zone 222420000","1632","Traffic Zone 230210300","9/16/2019 - 9/16/2019, Every day, Daily Average",1234,945,1610
"1536","Traffic Zone 222420000","1633","Traffic Zone 230020000","9/16/2019 - 9/16/2019, Every day, Daily Average",1524,1088,2133
"1536","Traffic Zone 222420000","1634","Traffic Zone 230060000","9/16/2019 - 9/16/2019, Every day, Daily Average",1411,1167,1704
"1536","Traffic Zone 222420000","1636","Traffic Zone 230100000","9/16/2019 - 9/16/2019, Every day, Daily Average",1149,758,1741
"1536","Traffic Zone 222420000","1637","Traffic Zone 220601000","9/16/2019 - 9/16/2019, Every day, Daily Average",463,258,828
"1536","Traffic Zone 222420000","1638","Traffic Zone 230210400","9/16/2019 - 9/16/2019, Every day, Daily Average",1396,957,2034
"1536","Traffic Zone 222420000","1639","Traffic Zone 218630000","9/16/2019 - 9/16/2019, Every day, Daily Average",847,544,1317
"1536","Traffic Zone 222420000","1640","Traffic Zone 218610000","9/16/2019 - 9/16/2019, Every day, Daily Average",888,578,1361
"1536","Traffic Zone 222420000","1641","Traffic Zone 218520100","9/16/2019 - 9/16/2019, Every day, Daily Average",852,560,1295
"1536","Traffic Zone 222420000","1642","Traffic Zone 218532000","9/16/2019 - 9/16/2019, Every day, Daily Average",685,417,1122
"1536","Traffic Zone 222420000","1643","Traffic Zone 230050200","9/16/2019 - 9/16/2019, Every day, Daily Average",1304,907,1873
"1536","Traffic Zone 222420000","1644","Traffic Zone 218130000","9/16/2019 - 9/16/2019, Every day, Daily Average",942,627,1414
"1536","Traffic Zone 222420000","1645","Traffic Zone 218531000","9/16/2019 - 9/16/2019, Every day, Daily Average",629,314,1256
"1536","Traffic Zone 222420000","1646","Traffic Zone 219970000","9/16/2019 - 9/16/2019, Every day, Daily Average",786,523,1179
"1536","Traffic Zone 222420000","1647","Traffic Zone 219900000","9/16/2019 - 9/16/2019, Every day, Daily Average",641,367,1118
"1536","Traffic Zone 222420000","1648","Traffic Zone 230080000","9/16/2019 - 9/16/2019, Every day, Daily Average",1225,839,1786
"1536","Traffic Zone 222420000","1649","Traffic Zone 218520200","9/16/2019 - 9/16/2019, Every day, Daily Average",661,273,1597
"1536","Traffic Zone 222420000","1650","Traffic Zone 218620000","9/16/2019 - 9/16/2019, Every day, Daily Average",1078,708,1641
"1536","Traffic Zone 222420000","1651","Traffic Zone 219920100","9/16/2019 - 9/16/2019, Every day, Daily Average",983,651,1482
"1536","Traffic Zone 222420000","1652","Traffic Zone 218510000","9/16/2019 - 9/16/2019, Every day, Daily Average",730,442,1203
"1536","Traffic Zone 222420000","1653","Traffic Zone 218340000","9/16/2019 - 9/16/2019, Every day, Daily Average",1321,873,1998
"1536","Traffic Zone 222420000","1654","Traffic Zone 219990000","9/16/2019 - 9/16/2019, Every day, Daily Average",833,537,1290
"1536","Traffic Zone 222420000","1655","Traffic Zone 219980000","9/16/2019 - 9/16/2019, Every day, Daily Average",994,638,1547
"1536","Traffic Zone 222420000","1656","Traffic Zone 218160000","9/16/2019 - 9/16/2019, Every day, Daily Average",1375,791,2388
"1536","Traffic Zone 222420000","1657","Traffic Zone 218140000","9/16/2019 - 9/16/2019, Every day, Daily Average",1322,808,2162
"1536","Traffic Zone 222420000","1658","Traffic Zone 219940000","9/16/2019 - 9/16/2019, Every day, Daily Average",692,408,1171
"1536","Traffic Zone 222420000","1659","Traffic Zone 230090100","9/16/2019 - 9/16/2019, Every day, Daily Average",1172,782,1755
"1536","Traffic Zone 222420000","1660","Traffic Zone 218100000","9/16/2019 - 9/16/2019, Every day, Daily Average",1058,696,1606
"1536","Traffic Zone 222420000","1661","Traffic Zone 219920200","9/16/2019 - 9/16/2019, Every day, Daily Average",1364,866,2146
"1536","Traffic Zone 222420000","1662","Traffic Zone 230090200","9/16/2019 - 9/16/2019, Every day, Daily Average",1186,787,1787
"1536","Traffic Zone 222420000","1663","Traffic Zone 218351000","9/16/2019 - 9/16/2019, Every day, Daily Average",1171,760,1804
"1536","Traffic Zone 222420000","1664","Traffic Zone 218352000","9/16/2019 - 9/16/2019, Every day, Daily Average",1090,703,1689
"1536","Traffic Zone 222420000","1665","Traffic Zone 219930000","9/16/2019 - 9/16/2019, Every day, Daily Average",768,483,1220
"1536","Traffic Zone 222420000","1666","Traffic Zone 219912000","9/16/2019 - 9/16/2019, Every day, Daily Average",978,651,1468
"1536","Traffic Zone 222420000","1667","Traffic Zone 218330000","9/16/2019 - 9/16/2019, Every day, Daily Average",1561,930,2617
"1536","Traffic Zone 222420000","1668","Traffic Zone 218381000","9/16/2019 - 9/16/2019, Every day, Daily Average",972,618,1527
"1536","Traffic Zone 222420000","1669","Traffic Zone 219911000","9/16/2019 - 9/16/2019, Every day, Daily Average",1143,759,1721
"1536","Traffic Zone 222420000","1670","Traffic Zone 218382000","9/16/2019 - 9/16/2019, Every day, Daily Average",765,476,1228
"1536","Traffic Zone 222420000","1671","Traffic Zone 218361000","9/16/2019 - 9/16/2019, Every day, Daily Average",1079,710,1637
"1536","Traffic Zone 222420000","1672","Traffic Zone 218321000","9/16/2019 - 9/16/2019, Every day, Daily Average",1469,926,2329
"1536","Traffic Zone 222420000","1673","Traffic Zone 218150000","9/16/2019 - 9/16/2019, Every day, Daily Average",1714,1077,2726
"1536","Traffic Zone 222420000","1674","Traffic Zone 218322000","9/16/2019 - 9/16/2019, Every day, Daily Average",1185,801,1751
"1536","Traffic Zone 222420000","1675","Traffic Zone 218362000","9/16/2019 - 9/16/2019, Every day, Daily Average",1248,885,1759
"1536","Traffic Zone 222420000","1676","Traffic Zone 220140200","9/16/2019 - 9/16/2019, Every day, Daily Average",961,649,1421
"1536","Traffic Zone 222420000","1677","Traffic Zone 220130100","9/16/2019 - 9/16/2019, Every day, Daily Average",1126,768,1650
"1536","Traffic Zone 222420000","1678","Traffic Zone 220140100","9/16/2019 - 9/16/2019, Every day, Daily Average",1235,860,1771
"1536","Traffic Zone 222420000","1679","Traffic Zone 218370000","9/16/2019 - 9/16/2019, Every day, Daily Average",808,520,1255
"1536","Traffic Zone 222420000","1680","Traffic Zone 220130200","9/16/2019 - 9/16/2019, Every day, Daily Average",1063,719,1570
"1536","Traffic Zone 222420000","1681","Traffic Zone 218310100","9/16/2019 - 9/16/2019, Every day, Daily Average",1122,707,1778
"1536","Traffic Zone 222420000","1682","Traffic Zone 220120000","9/16/2019 - 9/16/2019, Every day, Daily Average",1248,851,1829
"1536","Traffic Zone 222420000","1684","Traffic Zone 220170001","9/16/2019 - 9/16/2019, Every day, Daily Average",981,678,1418
"1536","Traffic Zone 222420000","1685","Traffic Zone 220150300","9/16/2019 - 9/16/2019, Every day, Daily Average",1456,1103,1921
"1536","Traffic Zone 222420000","1686","Traffic Zone 218310200","9/16/2019 - 9/16/2019, Every day, Daily Average",855,564,1295
"1536","Traffic Zone 222420000","1688","Traffic Zone 220160000","9/16/2019 - 9/16/2019, Every day, Daily Average",1221,807,1845
"1536","Traffic Zone 222420000","1689","Traffic Zone 220170000","9/16/2019 - 9/16/2019, Every day, Daily Average",1105,714,1708
"1536","Traffic Zone 222420000","1690","Traffic Zone 220150100","9/16/2019 - 9/16/2019, Every day, Daily Average",1572,1199,2060
"1536","Traffic Zone 222420000","1694","Traffic Zone 246070000","9/16/2019 - 9/16/2019, Every day, Daily Average",1477,1018,2142
"1536","Traffic Zone 222420000","1695","Traffic Zone 246050200","9/16/2019 - 9/16/2019, Every day, Daily Average",1647,1108,2446
"1536","Traffic Zone 222420000","1696","Traffic Zone 246050100","9/16/2019 - 9/16/2019, Every day, Daily Average",1591,1193,2121
"1536","Traffic Zone 222420000","1697","Traffic Zone 246080000","9/16/2019 - 9/16/2019, Every day, Daily Average",1208,799,1824
"1536","Traffic Zone 222420000","1698","Traffic Zone 246380000","9/16/2019 - 9/16/2019, Every day, Daily Average",1200,787,1828
"1536","Traffic Zone 222420000","1699","Traffic Zone 246040000","9/16/2019 - 9/16/2019, Every day, Daily Average",1831,1343,2495
"1536","Traffic Zone 222420000","1700","Traffic Zone 248070200","9/16/2019 - 9/16/2019, Every day, Daily Average",1050,684,1610
"1536","Traffic Zone 222420000","1701","Traffic Zone 246170000","9/16/2019 - 9/16/2019, Every day, Daily Average",1215,818,1802
"1536","Traffic Zone 222420000","1702","Traffic Zone 246090000","9/16/2019 - 9/16/2019, Every day, Daily Average",1402,978,2007
"1536","Traffic Zone 222420000","1703","Traffic Zone 246100000","9/16/2019 - 9/16/2019, Every day, Daily Average",1436,1062,1940
"1536","Traffic Zone 222420000","1704","Traffic Zone 248070300","9/16/2019 - 9/16/2019, Every day, Daily Average",969,665,1411
"1536","Traffic Zone 222420000","1705","Traffic Zone 246390000","9/16/2019 - 9/16/2019, Every day, Daily Average",1185,794,1766
"1536","Traffic Zone 222420000","1706","Traffic Zone 246370000","9/16/2019 - 9/16/2019, Every day, Daily Average",1251,843,1855
"1536","Traffic Zone 222420000","1707","Traffic Zone 248200100","9/16/2019 - 9/16/2019, Every day, Daily Average",779,518,1169
"1536","Traffic Zone 222420000","1708","Traffic Zone 248060000","9/16/2019 - 9/16/2019, Every day, Daily Average",916,628,1334
"1536","Traffic Zone 222420000","1710","Traffic Zone 246160000","9/16/2019 - 9/16/2019, Every day, Daily Average",1399,895,2186
"1536","Traffic Zone 222420000","1711","Traffic Zone 248190100","9/16/2019 - 9/16/2019, Every day, Daily Average",1072,701,1637
"1536","Traffic Zone 222420000","1713","Traffic Zone 248190200","9/16/2019 - 9/16/2019, Every day, Daily Average",878,571,1349
"1536","Traffic Zone 222420000","1714","Traffic Zone 248070400","9/16/2019 - 9/16/2019, Every day, Daily Average",1188,815,1729
"1536","Traffic Zone 222420000","1715","Traffic Zone 248080300","9/16/2019 - 9/16/2019, Every day, Daily Average",1446,1079,1937
"1536","Traffic Zone 222420000","1716","Traffic Zone 248080201","9/16/2019 - 9/16/2019, Every day, Daily Average",1412,970,2054
"1536","Traffic Zone 222420000","1717","Traffic Zone 248080200","9/16/2019 - 9/16/2019, Every day, Daily Average",1329,911,1938
"1536","Traffic Zone 222420000","1718","Traffic Zone 248200200","9/16/2019 - 9/16/2019, Every day, Daily Average",1091,754,1577
"1536","Traffic Zone 222420000","1719","Traffic Zone 248080400","9/16/2019 - 9/16/2019, Every day, Daily Average",1445,1092,1911
"1536","Traffic Zone 222420000","1720","Traffic Zone 246190001","9/16/2019 - 9/16/2019, Every day, Daily Average",1346,892,2029
"1536","Traffic Zone 222420000","1721","Traffic Zone 246190000","9/16/2019 - 9/16/2019, Every day, Daily Average",1339,933,1919
"1536","Traffic Zone 222420000","1722","Traffic Zone 246360001","9/16/2019 - 9/16/2019, Every day, Daily Average",1246,878,1767
"1536","Traffic Zone 222420000","1724","Traffic Zone 248050000","9/16/2019 - 9/16/2019, Every day, Daily Average",1152,825,1607
"1536","Traffic Zone 222420000","1725","Traffic Zone 248270100","9/16/2019 - 9/16/2019, Every day, Daily Average",689,451,1051
"1536","Traffic Zone 222420000","1726","Traffic Zone 248180000","9/16/2019 - 9/16/2019, Every day, Daily Average",1269,974,1652
"1536","Traffic Zone 222420000","1727","Traffic Zone 248090200","9/16/2019 - 9/16/2019, Every day, Daily Average",1290,875,1899
"1536","Traffic Zone 222420000","1729","Traffic Zone 248090100","9/16/2019 - 9/16/2019, Every day, Daily Average",1583,1131,2215
"1536","Traffic Zone 222420000","1730","Traffic Zone 246110000","9/16/2019 - 9/16/2019, Every day, Daily Average",1655,1253,2185
"1536","Traffic Zone 222420000","1731","Traffic Zone 248090300","9/16/2019 - 9/16/2019, Every day, Daily Average",953,623,1457
"1536","Traffic Zone 222420000","1732","Traffic Zone 246400000","9/16/2019 - 9/16/2019, Every day, Daily Average",1108,769,1595
"1536","Traffic Zone 222420000","1733","Traffic Zone 248210100","9/16/2019 - 9/16/2019, Every day, Daily Average",1383,962,1986
"1536","Traffic Zone 222420000","1734","Traffic Zone 246360002","9/16/2019 - 9/16/2019, Every day, Daily Average",1347,978,1854
"1536","Traffic Zone 222420000","1735","Traffic Zone 246360000","9/16/2019 - 9/16/2019, Every day, Daily Average",1321,984,1772
"1536","Traffic Zone 222420000","1736","Traffic Zone 246220000","9/16/2019 - 9/16/2019, Every day, Daily Average",1400,970,2018
"1536","Traffic Zone 222420000","1739","Traffic Zone 248030100","9/16/2019 - 9/16/2019, Every day, Daily Average",1346,1077,1680
"1536","Traffic Zone 222420000","1740","Traffic Zone 248210200","9/16/2019 - 9/16/2019, Every day, Daily Average",1327,780,2257
"1536","Traffic Zone 222420000","1741","Traffic Zone 248270200","9/16/2019 - 9/16/2019, Every day, Daily Average",1540,1102,2150
"1536","Traffic Zone 222420000","1742","Traffic Zone 248040000","9/16/2019 - 9/16/2019, Every day, Daily Average",1247,1004,1548
"1536","Traffic Zone 222420000","1744","Traffic Zone 248171300","9/16/2019 - 9/16/2019, Every day, Daily Average",1263,833,1913
"1536","Traffic Zone 222420000","1745","Traffic Zone 248100100","9/16/2019 - 9/16/2019, Every day, Daily Average",1229,911,1656
"1536","Traffic Zone 222420000","1746","Traffic Zone 248160400","9/16/2019 - 9/16/2019, Every day, Daily Average",1217,778,1903
"1536","Traffic Zone 222420000","1747","Traffic Zone 246350000","9/16/2019 - 9/16/2019, Every day, Daily Average",1502,1107,2036
"1536","Traffic Zone 222420000","1748","Traffic Zone 246350001","9/16/2019 - 9/16/2019, Every day, Daily Average",1579,1185,2103
"1536","Traffic Zone 222420000","1749","Traffic Zone 246230000","9/16/2019 - 9/16/2019, Every day, Daily Average",1447,995,2102
"1536","Traffic Zone 222420000","1750","Traffic Zone 248160200","9/16/2019 - 9/16/2019, Every day, Daily Average",1029,672,1574
"1536","Traffic Zone 222420000","1751","Traffic Zone 246240000","9/16/2019 - 9/16/2019, Every day, Daily Average",1527,1116,2088
"1536","Traffic Zone 222420000","1752","Traffic Zone 246140000","9/16/2019 - 9/16/2019, Every day, Daily Average",1442,1088,1909
"1536","Traffic Zone 222420000","1753","Traffic Zone 248220100","9/16/2019 - 9/16/2019, Every day, Daily Average",1561,1121,2173
"1536","Traffic Zone 222420000","1754","Traffic Zone 246410000","9/16/2019 - 9/16/2019, Every day, Daily Average",1528,1104,2113
"1536","Traffic Zone 222420000","1756","Traffic Zone 248171100","9/16/2019 - 9/16/2019, Every day, Daily Average",1364,904,2057
"1536","Traffic Zone 222420000","1757","Traffic Zone 248160300","9/16/2019 - 9/16/2019, Every day, Daily Average",1173,818,1681
"1536","Traffic Zone 222420000","1758","Traffic Zone 248100200","9/16/2019 - 9/16/2019, Every day, Daily Average",1414,1003,1992
"1536","Traffic Zone 222420000","1759","Traffic Zone 246340001","9/16/2019 - 9/16/2019, Every day, Daily Average",1714,1315,2232
"1536","Traffic Zone 222420000","1760","Traffic Zone 248260000","9/16/2019 - 9/16/2019, Every day, Daily Average",1570,971,2538
"1536","Traffic Zone 222420000","1761","Traffic Zone 248150000","9/16/2019 - 9/16/2019, Every day, Daily Average",1073,692,1662
"1536","Traffic Zone 222420000","1762","Traffic Zone 246270000","9/16/2019 - 9/16/2019, Every day, Daily Average",1480,1025,2135
"1536","Traffic Zone 222420000","1764","Traffic Zone 246120000","9/16/2019 - 9/16/2019, Every day, Daily Average",1477,1190,1832
"1536","Traffic Zone 222420000","1765","Traffic Zone 248280000","9/16/2019 - 9/16/2019, Every day, Daily Average",837,568,1232
"1536","Traffic Zone 222420000","1766","Traffic Zone 246130000","9/16/2019 - 9/16/2019, Every day, Daily Average",1484,1214,1812
"1536","Traffic Zone 222420000","1767","Traffic Zone 248171200","9/16/2019 - 9/16/2019, Every day, Daily Average",1053,691,1602
"1536","Traffic Zone 222420000","1768","Traffic Zone 248020100","9/16/2019 - 9/16/2019, Every day, Daily Average",1488,1079,2051
"1536","Traffic Zone 222420000","1769","Traffic Zone 246260000","9/16/2019 - 9/16/2019, Every day, Daily Average",1522,1134,2042
"1536","Traffic Zone 222420000","1770","Traffic Zone 246010000","9/16/2019 - 9/16/2019, Every day, Daily Average",1693,1256,2280
"1536","Traffic Zone 222420000","1771","Traffic Zone 248110100","9/16/2019 - 9/16/2019, Every day, Daily Average",1645,1187,2279
"1536","Traffic Zone 222420000","1773","Traffic Zone 248140100","9/16/2019 - 9/16/2019, Every day, Daily Average",1255,826,1906
"1536","Traffic Zone 222420000","1774","Traffic Zone 246250000","9/16/2019 - 9/16/2019, Every day, Daily Average",1993,1350,2940
"1536","Traffic Zone 222420000","1775","Traffic Zone 246280000","9/16/2019 - 9/16/2019, Every day, Daily Average",1570,1061,2321
"1536","Traffic Zone 222420000","1777","Traffic Zone 246340000","9/16/2019 - 9/16/2019, Every day, Daily Average",1874,1365,2572
"1536","Traffic Zone 222420000","1779","Traffic Zone 248230300","9/16/2019 - 9/16/2019, Every day, Daily Average",1020,709,1467
"1536","Traffic Zone 222420000","1781","Traffic Zone 248230100","9/16/2019 - 9/16/2019, Every day, Daily Average",1144,746,1753
"1536","Traffic Zone 222420000","1782","Traffic Zone 246420000","9/16/2019 - 9/16/2019, Every day, Daily Average",1702,1365,2121
"1536","Traffic Zone 222420000","1783","Traffic Zone 248110300","9/16/2019 - 9/16/2019, Every day, Daily Average",1337,970,1842
"1536","Traffic Zone 222420000","1786","Traffic Zone 248252200","9/16/2019 - 9/16/2019, Every day, Daily Average",874,610,1252
"1536","Traffic Zone 222420000","1787","Traffic Zone 248110200","9/16/2019 - 9/16/2019, Every day, Daily Average",1538,1122,2106
"1536","Traffic Zone 222420000","1788","Traffic Zone 248140200","9/16/2019 - 9/16/2019, Every day, Daily Average",1300,922,1831
"1536","Traffic Zone 222420000","1789","Traffic Zone 246290000","9/16/2019 - 9/16/2019, Every day, Daily Average",1593,1095,2316
"1536","Traffic Zone 222420000","1790","Traffic Zone 246320000","9/16/2019 - 9/16/2019, Every day, Daily Average",1936,1365,2745
"1536","Traffic Zone 222420000","1791","Traffic Zone 248240100","9/16/2019 - 9/16/2019, Every day, Daily Average",1189,793,1781
"1536","Traffic Zone 222420000","1794","Traffic Zone 246310200","9/16/2019 - 9/16/2019, Every day, Daily Average",1664,1149,2408
"1536","Traffic Zone 222420000","1798","Traffic Zone 248120200","9/16/2019 - 9/16/2019, Every day, Daily Average",1286,1099,1504
"1536","Traffic Zone 222420000","1799","Traffic Zone 248240200","9/16/2019 - 9/16/2019, Every day, Daily Average",966,662,1409
"1536","Traffic Zone 222420000","1801","Traffic Zone 243360100","9/16/2019 - 9/16/2019, Every day, Daily Average",1234,821,1854
"1536","Traffic Zone 222420000","1802","Traffic Zone 248001100","9/16/2019 - 9/16/2019, Every day, Daily Average",1777,1255,2514
"1536","Traffic Zone 222420000","1803","Traffic Zone 246300000","9/16/2019 - 9/16/2019, Every day, Daily Average",1776,1366,2308
"1536","Traffic Zone 222420000","1804","Traffic Zone 248001200","9/16/2019 - 9/16/2019, Every day, Daily Average",1592,1081,2343
"1536","Traffic Zone 222420000","1805","Traffic Zone 248010100","9/16/2019 - 9/16/2019, Every day, Daily Average",1190,1080,1310
"1536","Traffic Zone 222420000","1806","Traffic Zone 243220200","9/16/2019 - 9/16/2019, Every day, Daily Average",1385,967,1983
"1536","Traffic Zone 222420000","1807","Traffic Zone 248120100","9/16/2019 - 9/16/2019, Every day, Daily Average",1430,1039,1967
"1536","Traffic Zone 222420000","1808","Traffic Zone 243290100","9/16/2019 - 9/16/2019, Every day, Daily Average",1271,867,1862
"1536","Traffic Zone 222420000","1809","Traffic Zone 246310100","9/16/2019 - 9/16/2019, Every day, Daily Average",1639,1133,2370
"1536","Traffic Zone 222420000","1811","Traffic Zone 243310001","9/16/2019 - 9/16/2019, Every day, Daily Average",1288,865,1917
"1536","Traffic Zone 222420000","1812","Traffic Zone 243380200","9/16/2019 - 9/16/2019, Every day, Daily Average",1081,750,1556
"1536","Traffic Zone 222420000","1815","Traffic Zone 243290200","9/16/2019 - 9/16/2019, Every day, Daily Average",2153,1564,2963
"1536","Traffic Zone 222420000","1816","Traffic Zone 243370000","9/16/2019 - 9/16/2019, Every day, Daily Average",1010,696,1464
"1536","Traffic Zone 222420000","1817","Traffic Zone 243210200","9/16/2019 - 9/16/2019, Every day, Daily Average",1524,899,2581
"1536","Traffic Zone 222420000","1818","Traffic Zone 243072400","9/16/2019 - 9/16/2019, Every day, Daily Average",1672,1288,2170
"1536","Traffic Zone 222420000","1819","Traffic Zone 243310000","9/16/2019 - 9/16/2019, Every day, Daily Average",1361,947,1954
"1536","Traffic Zone 222420000","1820","Traffic Zone 243072300","9/16/2019 - 9/16/2019, Every day, Daily Average",1770,1373,2280
"1536","Traffic Zone 222420000","1821","Traffic Zone 243070100","9/16/2019 - 9/16/2019, Every day, Daily Average",1703,1185,2445
"1536","Traffic Zone 222420000","1822","Traffic Zone 243280200","9/16/2019 - 9/16/2019, Every day, Daily Average",1388,413,4657
"1536","Traffic Zone 222420000","1823","Traffic Zone 243050200","9/16/2019 - 9/16/2019, Every day, Daily Average",1795,1462,2203
"1536","Traffic Zone 222420000","1824","Traffic Zone 243200000","9/16/2019 - 9/16/2019, Every day, Daily Average",1280,830,1972
"1536","Traffic Zone 222420000","1826","Traffic Zone 243060000","9/16/2019 - 9/16/2019, Every day, Daily Average",1679,1190,2367
"1536","Traffic Zone 222420000","1828","Traffic Zone 243280100","9/16/2019 - 9/16/2019, Every day, Daily Average",1378,949,1999
"1536","Traffic Zone 222420000","1829","Traffic Zone 243230000","9/16/2019 - 9/16/2019, Every day, Daily Average",1553,799,3016
"1536","Traffic Zone 222420000","1831","Traffic Zone 243210100","9/16/2019 - 9/16/2019, Every day, Daily Average",1136,716,1799
"1536","Traffic Zone 222420000","1834","Traffic Zone 243160000","9/16/2019 - 9/16/2019, Every day, Daily Average",1285,928,1778
"1536","Traffic Zone 222420000","1835","Traffic Zone 243072101","9/16/2019 - 9/16/2019, Every day, Daily Average",1720,1187,2490
"1536","Traffic Zone 222420000","1837","Traffic Zone 243320000","9/16/2019 - 9/16/2019, Every day, Daily Average",1452,998,2111
"1536","Traffic Zone 222420000","1838","Traffic Zone 243270000","9/16/2019 - 9/16/2019, Every day, Daily Average",1470,979,2207
"1536","Traffic Zone 222420000","1840","Traffic Zone 243400200","9/16/2019 - 9/16/2019, Every day, Daily Average",1128,780,1629
"1536","Traffic Zone 222420000","1843","Traffic Zone 243340300","9/16/2019 - 9/16/2019, Every day, Daily Average",1460,1011,2106
"1536","Traffic Zone 222420000","1844","Traffic Zone 243080100","9/16/2019 - 9/16/2019, Every day, Daily Average",1810,1205,2717
"1536","Traffic Zone 222420000","1845","Traffic Zone 243040000","9/16/2019 - 9/16/2019, Every day, Daily Average",1832,1233,2721
"1536","Traffic Zone 222420000","1851","Traffic Zone 243330100","9/16/2019 - 9/16/2019, Every day, Daily Average",1468,1020,2111
"1536","Traffic Zone 222420000","1852","Traffic Zone 243330200","9/16/2019 - 9/16/2019, Every day, Daily Average",1472,1035,2093
"1536","Traffic Zone 222420000","1855","Traffic Zone 243090000","9/16/2019 - 9/16/2019, Every day, Daily Average",2132,1369,3318
"1536","Traffic Zone 222420000","1857","Traffic Zone 243330300","9/16/2019 - 9/16/2019, Every day, Daily Average",1613,1139,2283
"1536","Traffic Zone 222420000","1864","Traffic Zone 243110000","9/16/2019 - 9/16/2019, Every day, Daily Average",2209,1554,3139
"1536","Traffic Zone 222420000","1868","Traffic Zone 243010100","9/16/2019 - 9/16/2019, Every day, Daily Average",2280,1586,3277
"1536","Traffic Zone 222420000","1870","Traffic Zone 243000200","9/16/2019 - 9/16/2019, Every day, Daily Average",2213,1534,3191
"1536","Traffic Zone 222420000","1872","Traffic Zone 240830200","9/16/2019 - 9/16/2019, Every day, Daily Average",1256,838,1880
"1536","Traffic Zone 222420000","1873","Traffic Zone 240830300","9/16/2019 - 9/16/2019, Every day, Daily Average",1193,818,1738
"1536","Traffic Zone 222420000","1874","Traffic Zone 240840200","9/16/2019 - 9/16/2019, Every day, Daily Average",1242,846,1822
"1536","Traffic Zone 222420000","1875","Traffic Zone 240830100","9/16/2019 - 9/16/2019, Every day, Daily Average",1505,979,2311
"1536","Traffic Zone 222420000","1876","Traffic Zone 240470100","9/16/2019 - 9/16/2019, Every day, Daily Average",1569,1090,2257
"1536","Traffic Zone 222420000","1877","Traffic Zone 240700200","9/16/2019 - 9/16/2019, Every day, Daily Average",1526,1008,2308
"1536","Traffic Zone 222420000","1878","Traffic Zone 240460000","9/16/2019 - 9/16/2019, Every day, Daily Average",1659,1151,2389
"1536","Traffic Zone 222420000","1879","Traffic Zone 240470300","9/16/2019 - 9/16/2019, Every day, Daily Average",1561,1052,2315
"1536","Traffic Zone 222420000","1881","Traffic Zone 240820200","9/16/2019 - 9/16/2019, Every day, Daily Average",1955,1462,2613
"1536","Traffic Zone 222420000","1882","Traffic Zone 240470200","9/16/2019 - 9/16/2019, Every day, Daily Average",1634,1116,2392
"1536","Traffic Zone 222420000","1883","Traffic Zone 240840100","9/16/2019 - 9/16/2019, Every day, Daily Average",1392,966,2004
"1536","Traffic Zone 222420000","1887","Traffic Zone 240850200","9/16/2019 - 9/16/2019, Every day, Daily Average",1352,968,1886
"1536","Traffic Zone 222420000","1893","Traffic Zone 240850100","9/16/2019 - 9/16/2019, Every day, Daily Average",1423,1008,2007
"1536","Traffic Zone 222420000","1895","Traffic Zone 240480200","9/16/2019 - 9/16/2019, Every day, Daily Average",1782,1204,2635
"1536","Traffic Zone 222420000","1896","Traffic Zone 240460003","9/16/2019 - 9/16/2019, Every day, Daily Average",1857,1301,2649
"1536","Traffic Zone 222420000","1898","Traffic Zone 240480300","9/16/2019 - 9/16/2019, Every day, Daily Average",1846,1261,2701
"1536","Traffic Zone 222420000","1908","Traffic Zone 240860100","9/16/2019 - 9/16/2019, Every day, Daily Average",1448,1036,2022
"1536","Traffic Zone 222420000","1911","Traffic Zone 240680000","9/16/2019 - 9/16/2019, Every day, Daily Average",1726,1240,2401
"1536","Traffic Zone 222420000","1913","Traffic Zone 240862400","9/16/2019 - 9/16/2019, Every day, Daily Average",1499,1062,2113
"1536","Traffic Zone 222420000","1918","Traffic Zone 240460002","9/16/2019 - 9/16/2019, Every day, Daily Average",1951,1377,2762
"1536","Traffic Zone 222420000","1921","Traffic Zone 240530000","9/16/2019 - 9/16/2019, Every day, Daily Average",1820,1237,2676
"1536","Traffic Zone 222420000","1923","Traffic Zone 240862300","9/16/2019 - 9/16/2019, Every day, Daily Average",1538,1097,2156
"1536","Traffic Zone 222420000","1924","Traffic Zone 240670000","9/16/2019 - 9/16/2019, Every day, Daily Average",1834,1316,2554
"1536","Traffic Zone 222420000","1929","Traffic Zone 240550000","9/16/2019 - 9/16/2019, Every day, Daily Average",1834,1260,2668
"1536","Traffic Zone 222420000","1932","Traffic Zone 240440200","9/16/2019 - 9/16/2019, Every day, Daily Average",1795,1389,2319
"1536","Traffic Zone 222420000","1935","Traffic Zone 240650000","9/16/2019 - 9/16/2019, Every day, Daily Average",1991,1381,2868
"1536","Traffic Zone 222420000","1936","Traffic Zone 240821102","9/16/2019 - 9/16/2019, Every day, Daily Average",1319,1143,1521
"1536","Traffic Zone 222420000","1937","Traffic Zone 240821100","9/16/2019 - 9/16/2019, Every day, Daily Average",1645,1167,2317
"1536","Traffic Zone 222420000","1941","Traffic Zone 240560000","9/16/2019 - 9/16/2019, Every day, Daily Average",1924,1320,2803
"1536","Traffic Zone 222420000","1944","Traffic Zone 240440100","9/16/2019 - 9/16/2019, Every day, Daily Average",2317,1517,3538
"1536","Traffic Zone 222420000","1952","Traffic Zone 240430200","9/16/2019 - 9/16/2019, Every day, Daily Average",2276,1542,3357
"1536","Traffic Zone 222420000","1954","Traffic Zone 240821103","9/16/2019 - 9/16/2019, Every day, Daily Average",1798,1247,2592
"1536","Traffic Zone 222420000","1958","Traffic Zone 240641100","9/16/2019 - 9/16/2019, Every day, Daily Average",1944,1333,2833
"1536","Traffic Zone 222420000","1962","Traffic Zone 240821101","9/16/2019 - 9/16/2019, Every day, Daily Average",1836,1243,2711
"1536","Traffic Zone 222420000","1965","Traffic Zone 240620000","9/16/2019 - 9/16/2019, Every day, Daily Average",2017,1359,2993
"1536","Traffic Zone 222420000","1966","Traffic Zone 240410000","9/16/2019 - 9/16/2019, Every day, Daily Average",2310,1570,3397
"1536","Traffic Zone 222420000","1973","Traffic Zone 240400000","9/16/2019 - 9/16/2019, Every day, Daily Average",2314,1552,3449
"1536","Traffic Zone 222420000","1975","Traffic Zone 240821200","9/16/2019 - 9/16/2019, Every day, Daily Average",1741,1278,2370
"1536","Traffic Zone 222420000","1979","Traffic Zone 240630000","9/16/2019 - 9/16/2019, Every day, Daily Average",2052,1425,2953
"1536","Traffic Zone 222420000","1984","Traffic Zone 240390100","9/16/2019 - 9/16/2019, Every day, Daily Average",2390,1650,3461
"1536","Traffic Zone 222420000","1992","Traffic Zone 240360000","9/16/2019 - 9/16/2019, Every day, Daily Average",2102,1465,3015
"1536","Traffic Zone 222420000","1996","Traffic Zone 240330300","9/16/2019 - 9/16/2019, Every day, Daily Average",1874,1328,2643
"1536","Traffic Zone 222420000","2002","Traffic Zone 240350000","9/16/2019 - 9/16/2019, Every day, Daily Average",2191,1539,3117
"1536","Traffic Zone 222420000","2008","Traffic Zone 240332200","9/16/2019 - 9/16/2019, Every day, Daily Average",2117,1356,3303
"1536","Traffic Zone 222420000","2012","Traffic Zone 240331200","9/16/2019 - 9/16/2019, Every day, Daily Average",1904,1418,2555
"1536","Traffic Zone 222420000","2013","Traffic Zone 240332300","9/16/2019 - 9/16/2019, Every day, Daily Average",1562,1345,1813
"1536","Traffic Zone 222420000","2014","Traffic Zone 240331900","9/16/2019 - 9/16/2019, Every day, Daily Average",1860,1459,2370
"1536","Traffic Zone 222420000","2015","Traffic Zone 240240400","9/16/2019 - 9/16/2019, Every day, Daily Average",2326,1662,3254
"1536","Traffic Zone 222420000","2022","Traffic Zone 240130200","9/16/2019 - 9/16/2019, Every day, Daily Average",2396,1701,3373
"1536","Traffic Zone 222420000","2024","Traffic Zone 300000451","9/16/2019 - 9/16/2019, Every day, Daily Average",1752,1361,2254
"1536","Traffic Zone 222420000","2025","Traffic Zone 300000434","9/16/2019 - 9/16/2019, Every day, Daily Average",1781,1388,2284
"1536","Traffic Zone 222420000","2026","Traffic Zone 300000470","9/16/2019 - 9/16/2019, Every day, Daily Average",1781,1425,2225
"1536","Traffic Zone 222420000","2027","Traffic Zone 300000499","9/16/2019 - 9/16/2019, Every day, Daily Average",1733,1404,2138
"1536","Traffic Zone 222420000","2031","Traffic Zone 300000428","9/16/2019 - 9/16/2019, Every day, Daily Average",1806,1419,2297
"1536","Traffic Zone 222420000","2040","Traffic Zone 300000585","9/16/2019 - 9/16/2019, Every day, Daily Average",1874,1354,2592
"1536","Traffic Zone 222420000","2043","Traffic Zone 300000574","9/16/2019 - 9/16/2019, Every day, Daily Average",1890,1364,2617
"1536","Traffic Zone 222420000","2053","Traffic Zone 300000573","9/16/2019 - 9/16/2019, Every day, Daily Average",1948,1415,2681
"1536","Traffic Zone 222420000","2054","Traffic Zone 300000598","9/16/2019 - 9/16/2019, Every day, Daily Average",1660,1327,2075
"1536","Traffic Zone 222420000","2055","Traffic Zone 300000613","9/16/2019 - 9/16/2019, Every day, Daily Average",1608,1277,2024
"1536","Traffic Zone 222420000","2056","Traffic Zone 300000597","9/16/2019 - 9/16/2019, Every day, Daily Average",1631,1290,2061
"1536","Traffic Zone 222420000","2059","Traffic Zone 300000572","9/16/2019 - 9/16/2019, Every day, Daily Average",1760,1368,2263
"1536","Traffic Zone 222420000","2121","Traffic Zone 300000433","9/16/2019 - 9/16/2019, Every day, Daily Average",2158,1628,2859
"1536","Traffic Zone 222420000","2136","Traffic Zone 300000569","9/16/2019 - 9/16/2019, Every day, Daily Average",1769,1382,2263
"1536","Traffic Zone 222420000","2143","Traffic Zone 300000565","9/16/2019 - 9/16/2019, Every day, Daily Average",1848,1436,2377
"1536","Traffic Zone 222420000","2149","Traffic Zone 300000568","9/16/2019 - 9/16/2019, Every day, Daily Average",2074,1396,3080
"1536","Traffic Zone 222420000","2154","Traffic Zone 300000543","9/16/2019 - 9/16/2019, Every day, Daily Average",1865,1523,2282
"1536","Traffic Zone 222420000","2159","Traffic Zone 300000528","9/16/2019 - 9/16/2019, Every day, Daily Average",1932,1579,2362
"1536","Traffic Zone 222420000","2160","Traffic Zone 300000563","9/16/2019 - 9/16/2019, Every day, Daily Average",1765,1502,2073
"1536","Traffic Zone 222420000","2163","Traffic Zone 300000514","9/16/2019 - 9/16/2019, Every day, Daily Average",1979,1617,2420
"1536","Traffic Zone 222420000","2164","Traffic Zone 300000485","9/16/2019 - 9/16/2019, Every day, Daily Average",2394,1939,2954
"1536","Traffic Zone 222420000","2165","Traffic Zone 300000503","9/16/2019 - 9/16/2019, Every day, Daily Average",2017,1649,2466
"1536","Traffic Zone 222420000","2166","Traffic Zone 300000562","9/16/2019 - 9/16/2019, Every day, Daily Average",1821,1535,2159
"1536","Traffic Zone 222420000","2168","Traffic Zone 300000492","9/16/2019 - 9/16/2019, Every day, Daily Average",2184,1765,2702
"1536","Traffic Zone 222420000","2171","Traffic Zone 300000561","9/16/2019 - 9/16/2019, Every day, Daily Average",1897,1591,2260
"1536","Traffic Zone 222420000","2173","Traffic Zone 300000560","9/16/2019 - 9/16/2019, Every day, Daily Average",1945,1632,2316
"1536","Traffic Zone 222420000","2179","Traffic Zone 300000409","9/16/2019 - 9/16/2019, Every day, Daily Average",1784,1414,2250
"1536","Traffic Zone 222420000","2182","Traffic Zone 300000408","9/16/2019 - 9/16/2019, Every day, Daily Average",1848,1469,2324
"1536","Traffic Zone 222420000","2184","Traffic Zone 300000406","9/16/2019 - 9/16/2019, Every day, Daily Average",1920,1523,2418
"1536","Traffic Zone 222420000","2187","Traffic Zone 300000407","9/16/2019 - 9/16/2019, Every day, Daily Average",1971,1560,2489
"1536","Traffic Zone 222420000","2188","Traffic Zone 300000403","9/16/2019 - 9/16/2019, Every day, Daily Average",1979,1577,2482
"1536","Traffic Zone 222420000","2189","Traffic Zone 300000374","9/16/2019 - 9/16/2019, Every day, Daily Average",1982,1604,2448
"1536","Traffic Zone 222420000","2190","Traffic Zone 300000405","9/16/2019 - 9/16/2019, Every day, Daily Average",2074,1565,2747
"1536","Traffic Zone 222420000","2191","Traffic Zone 300000373","9/16/2019 - 9/16/2019, Every day, Daily Average",2042,1665,2503
"1536","Traffic Zone 222420000","2192","Traffic Zone 300000357","9/16/2019 - 9/16/2019, Every day, Daily Average",2054,1746,2416
"1536","Traffic Zone 222420000","2193","Traffic Zone 300000404","9/16/2019 - 9/16/2019, Every day, Daily Average",2159,1602,2909
"1536","Traffic Zone 222420000","2194","Traffic Zone 300000402","9/16/2019 - 9/16/2019, Every day, Daily Average",2393,1662,3444