"Origin Movement ID","Origin Display Name","Destination Movement ID","Destination Display Name","Date Range","Mean Travel Time (Seconds)","Range - Lower Bound Travel Time (Seconds)","Range - Upper Bound Travel Time (Seconds)"
"1074","Traffic Zone 02047","28","Traffic Zone 16024","6/19/2016 - 6/19/2016, Every day, Daily Average",1908,1594,2283
"1074","Traffic Zone 02047","29","Traffic Zone 16025","6/19/2016 - 6/19/2016, Every day, Daily Average",2168,1722,2728
"1074","Traffic Zone 02047","35","Traffic Zone 14080","6/19/2016 - 6/19/2016, Every day, Daily Average",2438,1608,3695
"1074","Traffic Zone 02047","43","Traffic Zone 14072","6/19/2016 - 6/19/2016, Every day, Daily Average",2313,1552,3445
"1074","Traffic Zone 02047","48","Traffic Zone 16027","6/19/2016 - 6/19/2016, Every day, Daily Average",1845,1536,2216
"1074","Traffic Zone 02047","64","Traffic Zone 14081","6/19/2016 - 6/19/2016, Every day, Daily Average",2218,1432,3434
"1074","Traffic Zone 02047","70","Traffic Zone 04118","6/19/2016 - 6/19/2016, Every day, Daily Average",1635,1540,1735
"1074","Traffic Zone 02047","74","Traffic Zone 04116","6/19/2016 - 6/19/2016, Every day, Daily Average",1606,1376,1873
"1074","Traffic Zone 02047","79","Traffic Zone 04135","6/19/2016 - 6/19/2016, Every day, Daily Average",1829,1511,2213
"1074","Traffic Zone 02047","80","Traffic Zone 14073","6/19/2016 - 6/19/2016, Every day, Daily Average",2194,1472,3270
"1074","Traffic Zone 02047","89","Traffic Zone 04119","6/19/2016 - 6/19/2016, Every day, Daily Average",1859,1670,2068
"1074","Traffic Zone 02047","92","Traffic Zone 04133","6/19/2016 - 6/19/2016, Every day, Daily Average",1870,1428,2448
"1074","Traffic Zone 02047","96","Traffic Zone 14076","6/19/2016 - 6/19/2016, Every day, Daily Average",2138,1411,3238
"1074","Traffic Zone 02047","97","Traffic Zone 04150","6/19/2016 - 6/19/2016, Every day, Daily Average",1603,1316,1951
"1074","Traffic Zone 02047","98","Traffic Zone 04132","6/19/2016 - 6/19/2016, Every day, Daily Average",1595,1330,1911
"1074","Traffic Zone 02047","102","Traffic Zone 04139","6/19/2016 - 6/19/2016, Every day, Daily Average",2262,1792,2854
"1074","Traffic Zone 02047","113","Traffic Zone 04131","6/19/2016 - 6/19/2016, Every day, Daily Average",1493,1278,1743
"1074","Traffic Zone 02047","117","Traffic Zone 07041","6/19/2016 - 6/19/2016, Every day, Daily Average",1428,1304,1563
"1074","Traffic Zone 02047","120","Traffic Zone 07060","6/19/2016 - 6/19/2016, Every day, Daily Average",1966,1341,2880
"1074","Traffic Zone 02047","123","Traffic Zone 04149","6/19/2016 - 6/19/2016, Every day, Daily Average",1659,1307,2105
"1074","Traffic Zone 02047","126","Traffic Zone 04140","6/19/2016 - 6/19/2016, Every day, Daily Average",2238,1787,2801
"1074","Traffic Zone 02047","128","Traffic Zone 04141","6/19/2016 - 6/19/2016, Every day, Daily Average",2041,1675,2486
"1074","Traffic Zone 02047","129","Traffic Zone 04124","6/19/2016 - 6/19/2016, Every day, Daily Average",1868,1528,2282
"1074","Traffic Zone 02047","130","Traffic Zone 04148","6/19/2016 - 6/19/2016, Every day, Daily Average",1499,1227,1830
"1074","Traffic Zone 02047","131","Traffic Zone 07061","6/19/2016 - 6/19/2016, Every day, Daily Average",2091,1352,3232
"1074","Traffic Zone 02047","132","Traffic Zone 04152","6/19/2016 - 6/19/2016, Every day, Daily Average",2170,1777,2649
"1074","Traffic Zone 02047","134","Traffic Zone 04147","6/19/2016 - 6/19/2016, Every day, Daily Average",1502,1280,1761
"1074","Traffic Zone 02047","137","Traffic Zone 04129","6/19/2016 - 6/19/2016, Every day, Daily Average",1395,1161,1675
"1074","Traffic Zone 02047","139","Traffic Zone 08027","6/19/2016 - 6/19/2016, Every day, Daily Average",1668,1598,1740
"1074","Traffic Zone 02047","141","Traffic Zone 07032","6/19/2016 - 6/19/2016, Every day, Daily Average",1462,1341,1592
"1074","Traffic Zone 02047","144","Traffic Zone 04143","6/19/2016 - 6/19/2016, Every day, Daily Average",2021,1655,2467
"1074","Traffic Zone 02047","151","Traffic Zone 08030","6/19/2016 - 6/19/2016, Every day, Daily Average",2322,1709,3154
"1074","Traffic Zone 02047","152","Traffic Zone 04142","6/19/2016 - 6/19/2016, Every day, Daily Average",1724,1551,1915
"1074","Traffic Zone 02047","153","Traffic Zone 07043","6/19/2016 - 6/19/2016, Every day, Daily Average",1840,1231,2749
"1074","Traffic Zone 02047","154","Traffic Zone 04059","6/19/2016 - 6/19/2016, Every day, Daily Average",1841,1348,2514
"1074","Traffic Zone 02047","155","Traffic Zone 04128","6/19/2016 - 6/19/2016, Every day, Daily Average",1329,1098,1607
"1074","Traffic Zone 02047","156","Traffic Zone 04146","6/19/2016 - 6/19/2016, Every day, Daily Average",1479,1230,1778
"1074","Traffic Zone 02047","157","Traffic Zone 07040","6/19/2016 - 6/19/2016, Every day, Daily Average",1395,1272,1529
"1074","Traffic Zone 02047","161","Traffic Zone 07067","6/19/2016 - 6/19/2016, Every day, Daily Average",1888,1271,2804
"1074","Traffic Zone 02047","162","Traffic Zone 07068","6/19/2016 - 6/19/2016, Every day, Daily Average",2035,1310,3159
"1074","Traffic Zone 02047","164","Traffic Zone 08028","6/19/2016 - 6/19/2016, Every day, Daily Average",1642,1566,1721
"1074","Traffic Zone 02047","166","Traffic Zone 04060","6/19/2016 - 6/19/2016, Every day, Daily Average",1725,1268,2345
"1074","Traffic Zone 02047","169","Traffic Zone 04130","6/19/2016 - 6/19/2016, Every day, Daily Average",1395,1164,1670
"1074","Traffic Zone 02047","173","Traffic Zone 07012","6/19/2016 - 6/19/2016, Every day, Daily Average",1676,1209,2321
"1074","Traffic Zone 02047","178","Traffic Zone 07022","6/19/2016 - 6/19/2016, Every day, Daily Average",1499,1217,1845
"1074","Traffic Zone 02047","184","Traffic Zone 04161","6/19/2016 - 6/19/2016, Every day, Daily Average",1850,1693,2021
"1074","Traffic Zone 02047","185","Traffic Zone 04073","6/19/2016 - 6/19/2016, Every day, Daily Average",1889,1346,2650
"1074","Traffic Zone 02047","186","Traffic Zone 07014","6/19/2016 - 6/19/2016, Every day, Daily Average",1724,1163,2555
"1074","Traffic Zone 02047","189","Traffic Zone 04159","6/19/2016 - 6/19/2016, Every day, Daily Average",1831,1639,2044
"1074","Traffic Zone 02047","192","Traffic Zone 04061","6/19/2016 - 6/19/2016, Every day, Daily Average",1314,1061,1626
"1074","Traffic Zone 02047","195","Traffic Zone 04078","6/19/2016 - 6/19/2016, Every day, Daily Average",1371,1081,1738
"1074","Traffic Zone 02047","204","Traffic Zone 07013","6/19/2016 - 6/19/2016, Every day, Daily Average",1684,1160,2444
"1074","Traffic Zone 02047","205","Traffic Zone 07020","6/19/2016 - 6/19/2016, Every day, Daily Average",1822,1175,2823
"1074","Traffic Zone 02047","208","Traffic Zone 07066","6/19/2016 - 6/19/2016, Every day, Daily Average",1606,1487,1734
"1074","Traffic Zone 02047","210","Traffic Zone 04062","6/19/2016 - 6/19/2016, Every day, Daily Average",1731,1200,2496
"1074","Traffic Zone 02047","213","Traffic Zone 08036","6/19/2016 - 6/19/2016, Every day, Daily Average",2423,1725,3403
"1074","Traffic Zone 02047","215","Traffic Zone 07011","6/19/2016 - 6/19/2016, Every day, Daily Average",1505,1198,1889
"1074","Traffic Zone 02047","220","Traffic Zone 07035","6/19/2016 - 6/19/2016, Every day, Daily Average",1861,1537,2252
"1074","Traffic Zone 02047","224","Traffic Zone 08163","6/19/2016 - 6/19/2016, Every day, Daily Average",1530,1451,1612
"1074","Traffic Zone 02047","226","Traffic Zone 07021","6/19/2016 - 6/19/2016, Every day, Daily Average",1749,1135,2693
"1074","Traffic Zone 02047","229","Traffic Zone 04063","6/19/2016 - 6/19/2016, Every day, Daily Average",1273,1025,1580
"1074","Traffic Zone 02047","233","Traffic Zone 04160","6/19/2016 - 6/19/2016, Every day, Daily Average",1699,1539,1874
"1074","Traffic Zone 02047","237","Traffic Zone 04079","6/19/2016 - 6/19/2016, Every day, Daily Average",1880,1299,2718
"1074","Traffic Zone 02047","239","Traffic Zone 07019","6/19/2016 - 6/19/2016, Every day, Daily Average",1526,1092,2131
"1074","Traffic Zone 02047","240","Traffic Zone 08035","6/19/2016 - 6/19/2016, Every day, Daily Average",2345,1670,3291
"1074","Traffic Zone 02047","243","Traffic Zone 07015","6/19/2016 - 6/19/2016, Every day, Daily Average",1774,1388,2266
"1074","Traffic Zone 02047","244","Traffic Zone 07017","6/19/2016 - 6/19/2016, Every day, Daily Average",1558,1192,2036
"1074","Traffic Zone 02047","246","Traffic Zone 04076","6/19/2016 - 6/19/2016, Every day, Daily Average",1739,1187,2546
"1074","Traffic Zone 02047","247","Traffic Zone 07128","6/19/2016 - 6/19/2016, Every day, Daily Average",1434,1303,1577
"1074","Traffic Zone 02047","251","Traffic Zone 07127","6/19/2016 - 6/19/2016, Every day, Daily Average",1408,1199,1652
"1074","Traffic Zone 02047","252","Traffic Zone 04064","6/19/2016 - 6/19/2016, Every day, Daily Average",1240,1012,1518
"1074","Traffic Zone 02047","254","Traffic Zone 04166","6/19/2016 - 6/19/2016, Every day, Daily Average",1679,1506,1871
"1074","Traffic Zone 02047","256","Traffic Zone 08041","6/19/2016 - 6/19/2016, Every day, Daily Average",1695,1567,1832
"1074","Traffic Zone 02047","259","Traffic Zone 07055","6/19/2016 - 6/19/2016, Every day, Daily Average",1817,1514,2179
"1074","Traffic Zone 02047","262","Traffic Zone 07146","6/19/2016 - 6/19/2016, Every day, Daily Average",1511,1065,2143
"1074","Traffic Zone 02047","263","Traffic Zone 07147","6/19/2016 - 6/19/2016, Every day, Daily Average",1476,1049,2076
"1074","Traffic Zone 02047","268","Traffic Zone 04077","6/19/2016 - 6/19/2016, Every day, Daily Average",1920,1298,2839
"1074","Traffic Zone 02047","271","Traffic Zone 04165","6/19/2016 - 6/19/2016, Every day, Daily Average",1620,1459,1798
"1074","Traffic Zone 02047","273","Traffic Zone 04028","6/19/2016 - 6/19/2016, Every day, Daily Average",1171,952,1438
"1074","Traffic Zone 02047","274","Traffic Zone 07141","6/19/2016 - 6/19/2016, Every day, Daily Average",1451,1043,2017
"1074","Traffic Zone 02047","275","Traffic Zone 04006","6/19/2016 - 6/19/2016, Every day, Daily Average",1119,894,1400
"1074","Traffic Zone 02047","282","Traffic Zone 08044","6/19/2016 - 6/19/2016, Every day, Daily Average",1464,1378,1554
"1074","Traffic Zone 02047","286","Traffic Zone 07018","6/19/2016 - 6/19/2016, Every day, Daily Average",1650,1324,2055
"1074","Traffic Zone 02047","287","Traffic Zone 04050","6/19/2016 - 6/19/2016, Every day, Daily Average",1360,1119,1652
"1074","Traffic Zone 02047","288","Traffic Zone 08076","6/19/2016 - 6/19/2016, Every day, Daily Average",1475,1347,1614
"1074","Traffic Zone 02047","290","Traffic Zone 07016","6/19/2016 - 6/19/2016, Every day, Daily Average",1504,1302,1737
"1074","Traffic Zone 02047","295","Traffic Zone 08170","6/19/2016 - 6/19/2016, Every day, Daily Average",1474,1401,1550
"1074","Traffic Zone 02047","301","Traffic Zone 08043","6/19/2016 - 6/19/2016, Every day, Daily Average",1465,1358,1580
"1074","Traffic Zone 02047","302","Traffic Zone 07056","6/19/2016 - 6/19/2016, Every day, Daily Average",1760,1429,2167
"1074","Traffic Zone 02047","303","Traffic Zone 07129","6/19/2016 - 6/19/2016, Every day, Daily Average",1331,979,1809
"1074","Traffic Zone 02047","306","Traffic Zone 04029","6/19/2016 - 6/19/2016, Every day, Daily Average",1314,1040,1659
"1074","Traffic Zone 02047","309","Traffic Zone 08171","6/19/2016 - 6/19/2016, Every day, Daily Average",1489,1406,1576
"1074","Traffic Zone 02047","315","Traffic Zone 07130","6/19/2016 - 6/19/2016, Every day, Daily Average",1509,1019,2233
"1074","Traffic Zone 02047","317","Traffic Zone 08169","6/19/2016 - 6/19/2016, Every day, Daily Average",1410,1343,1479
"1074","Traffic Zone 02047","321","Traffic Zone 07132","6/19/2016 - 6/19/2016, Every day, Daily Average",1275,934,1740
"1074","Traffic Zone 02047","322","Traffic Zone 07135","6/19/2016 - 6/19/2016, Every day, Daily Average",1145,1078,1216
"1074","Traffic Zone 02047","338","Traffic Zone 04031","6/19/2016 - 6/19/2016, Every day, Daily Average",1109,909,1352
"1074","Traffic Zone 02047","339","Traffic Zone 04030","6/19/2016 - 6/19/2016, Every day, Daily Average",1093,882,1353
"1074","Traffic Zone 02047","347","Traffic Zone 08184","6/19/2016 - 6/19/2016, Every day, Daily Average",1801,1585,2045
"1074","Traffic Zone 02047","351","Traffic Zone 08054","6/19/2016 - 6/19/2016, Every day, Daily Average",1329,1225,1440
"1074","Traffic Zone 02047","356","Traffic Zone 08075","6/19/2016 - 6/19/2016, Every day, Daily Average",1573,1223,2022
"1074","Traffic Zone 02047","357","Traffic Zone 08167","6/19/2016 - 6/19/2016, Every day, Daily Average",1380,1271,1497
"1074","Traffic Zone 02047","362","Traffic Zone 07138","6/19/2016 - 6/19/2016, Every day, Daily Average",1081,1013,1153
"1074","Traffic Zone 02047","366","Traffic Zone 07136","6/19/2016 - 6/19/2016, Every day, Daily Average",1234,897,1697
"1074","Traffic Zone 02047","372","Traffic Zone 04016","6/19/2016 - 6/19/2016, Every day, Daily Average",1038,833,1292
"1074","Traffic Zone 02047","378","Traffic Zone 08087","6/19/2016 - 6/19/2016, Every day, Daily Average",1456,1132,1871
"1074","Traffic Zone 02047","380","Traffic Zone 06029","6/19/2016 - 6/19/2016, Every day, Daily Average",1094,991,1207
"1074","Traffic Zone 02047","381","Traffic Zone 08088","6/19/2016 - 6/19/2016, Every day, Daily Average",1582,1183,2114
"1074","Traffic Zone 02047","389","Traffic Zone 08155","6/19/2016 - 6/19/2016, Every day, Daily Average",1776,1526,2066
"1074","Traffic Zone 02047","391","Traffic Zone 07073","6/19/2016 - 6/19/2016, Every day, Daily Average",1287,1087,1523
"1074","Traffic Zone 02047","392","Traffic Zone 08061","6/19/2016 - 6/19/2016, Every day, Daily Average",1339,1210,1481
"1074","Traffic Zone 02047","394","Traffic Zone 07140","6/19/2016 - 6/19/2016, Every day, Daily Average",1181,857,1626
"1074","Traffic Zone 02047","395","Traffic Zone 08101","6/19/2016 - 6/19/2016, Every day, Daily Average",1392,1243,1558
"1074","Traffic Zone 02047","396","Traffic Zone 08203","6/19/2016 - 6/19/2016, Every day, Daily Average",1339,1236,1449
"1074","Traffic Zone 02047","398","Traffic Zone 08204","6/19/2016 - 6/19/2016, Every day, Daily Average",1403,1258,1564
"1074","Traffic Zone 02047","399","Traffic Zone 08205","6/19/2016 - 6/19/2016, Every day, Daily Average",1434,1285,1600
"1074","Traffic Zone 02047","405","Traffic Zone 08148","6/19/2016 - 6/19/2016, Every day, Daily Average",1491,1337,1662
"1074","Traffic Zone 02047","406","Traffic Zone 08154","6/19/2016 - 6/19/2016, Every day, Daily Average",1660,1462,1884
"1074","Traffic Zone 02047","407","Traffic Zone 08102","6/19/2016 - 6/19/2016, Every day, Daily Average",1486,1064,2074
"1074","Traffic Zone 02047","409","Traffic Zone 08090","6/19/2016 - 6/19/2016, Every day, Daily Average",2151,1413,3272
"1074","Traffic Zone 02047","410","Traffic Zone 07113","6/19/2016 - 6/19/2016, Every day, Daily Average",1009,948,1073
"1074","Traffic Zone 02047","411","Traffic Zone 08149","6/19/2016 - 6/19/2016, Every day, Daily Average",1567,1409,1741
"1074","Traffic Zone 02047","415","Traffic Zone 08199","6/19/2016 - 6/19/2016, Every day, Daily Average",1274,1170,1386
"1074","Traffic Zone 02047","416","Traffic Zone 06026","6/19/2016 - 6/19/2016, Every day, Daily Average",1398,1214,1609
"1074","Traffic Zone 02047","420","Traffic Zone 04017","6/19/2016 - 6/19/2016, Every day, Daily Average",1047,839,1306
"1074","Traffic Zone 02047","421","Traffic Zone 08058","6/19/2016 - 6/19/2016, Every day, Daily Average",1419,1282,1570
"1074","Traffic Zone 02047","424","Traffic Zone 08100","6/19/2016 - 6/19/2016, Every day, Daily Average",1176,1067,1295
"1074","Traffic Zone 02047","429","Traffic Zone 04014","6/19/2016 - 6/19/2016, Every day, Daily Average",990,743,1318
"1074","Traffic Zone 02047","442","Traffic Zone 08207","6/19/2016 - 6/19/2016, Every day, Daily Average",1253,1144,1372
"1074","Traffic Zone 02047","446","Traffic Zone 07157","6/19/2016 - 6/19/2016, Every day, Daily Average",1535,1270,1854
"1074","Traffic Zone 02047","449","Traffic Zone 07124","6/19/2016 - 6/19/2016, Every day, Daily Average",1040,828,1305
"1074","Traffic Zone 02047","453","Traffic Zone 07119","6/19/2016 - 6/19/2016, Every day, Daily Average",971,910,1034
"1074","Traffic Zone 02047","454","Traffic Zone 34004","6/19/2016 - 6/19/2016, Every day, Daily Average",968,770,1216
"1074","Traffic Zone 02047","456","Traffic Zone 08103","6/19/2016 - 6/19/2016, Every day, Daily Average",1567,1098,2235
"1074","Traffic Zone 02047","458","Traffic Zone 07121","6/19/2016 - 6/19/2016, Every day, Daily Average",1544,947,2516
"1074","Traffic Zone 02047","462","Traffic Zone 06024","6/19/2016 - 6/19/2016, Every day, Daily Average",1346,1061,1706
"1074","Traffic Zone 02047","463","Traffic Zone 07074","6/19/2016 - 6/19/2016, Every day, Daily Average",1538,1245,1898
"1074","Traffic Zone 02047","464","Traffic Zone 08206","6/19/2016 - 6/19/2016, Every day, Daily Average",1214,1111,1326
"1074","Traffic Zone 02047","465","Traffic Zone 08067","6/19/2016 - 6/19/2016, Every day, Daily Average",1611,1099,2360
"1074","Traffic Zone 02047","466","Traffic Zone 04015","6/19/2016 - 6/19/2016, Every day, Daily Average",1007,792,1278
"1074","Traffic Zone 02047","468","Traffic Zone 04032","6/19/2016 - 6/19/2016, Every day, Daily Average",1375,1173,1610
"1074","Traffic Zone 02047","470","Traffic Zone 07152","6/19/2016 - 6/19/2016, Every day, Daily Average",1293,1065,1569
"1074","Traffic Zone 02047","471","Traffic Zone 04036","6/19/2016 - 6/19/2016, Every day, Daily Average",1182,981,1422
"1074","Traffic Zone 02047","472","Traffic Zone 08062","6/19/2016 - 6/19/2016, Every day, Daily Average",1383,1052,1817
"1074","Traffic Zone 02047","473","Traffic Zone 04013","6/19/2016 - 6/19/2016, Every day, Daily Average",1124,929,1359
"1074","Traffic Zone 02047","475","Traffic Zone 07158","6/19/2016 - 6/19/2016, Every day, Daily Average",1392,1132,1711
"1074","Traffic Zone 02047","476","Traffic Zone 06016","6/19/2016 - 6/19/2016, Every day, Daily Average",1231,963,1571
"1074","Traffic Zone 02047","479","Traffic Zone 07122","6/19/2016 - 6/19/2016, Every day, Daily Average",1055,759,1465
"1074","Traffic Zone 02047","480","Traffic Zone 07118","6/19/2016 - 6/19/2016, Every day, Daily Average",1005,962,1049
"1074","Traffic Zone 02047","481","Traffic Zone 08130","6/19/2016 - 6/19/2016, Every day, Daily Average",1180,1080,1288
"1074","Traffic Zone 02047","485","Traffic Zone 04033","6/19/2016 - 6/19/2016, Every day, Daily Average",1282,1104,1488
"1074","Traffic Zone 02047","486","Traffic Zone 08068","6/19/2016 - 6/19/2016, Every day, Daily Average",1383,1123,1702
"1074","Traffic Zone 02047","487","Traffic Zone 07154","6/19/2016 - 6/19/2016, Every day, Daily Average",1148,935,1409
"1074","Traffic Zone 02047","489","Traffic Zone 08129","6/19/2016 - 6/19/2016, Every day, Daily Average",1266,1192,1344
"1074","Traffic Zone 02047","494","Traffic Zone 06037","6/19/2016 - 6/19/2016, Every day, Daily Average",1252,952,1646
"1074","Traffic Zone 02047","495","Traffic Zone 07120","6/19/2016 - 6/19/2016, Every day, Daily Average",978,706,1353
"1074","Traffic Zone 02047","497","Traffic Zone 07076","6/19/2016 - 6/19/2016, Every day, Daily Average",942,714,1242
"1074","Traffic Zone 02047","500","Traffic Zone 06027","6/19/2016 - 6/19/2016, Every day, Daily Average",1326,958,1835
"1074","Traffic Zone 02047","501","Traffic Zone 08063","6/19/2016 - 6/19/2016, Every day, Daily Average",1319,1009,1723
"1074","Traffic Zone 02047","502","Traffic Zone 06018","6/19/2016 - 6/19/2016, Every day, Daily Average",1280,897,1825
"1074","Traffic Zone 02047","505","Traffic Zone 08128","6/19/2016 - 6/19/2016, Every day, Daily Average",1375,1263,1496
"1074","Traffic Zone 02047","506","Traffic Zone 04021","6/19/2016 - 6/19/2016, Every day, Daily Average",1065,855,1325
"1074","Traffic Zone 02047","507","Traffic Zone 07163","6/19/2016 - 6/19/2016, Every day, Daily Average",1295,989,1694
"1074","Traffic Zone 02047","508","Traffic Zone 08098","6/19/2016 - 6/19/2016, Every day, Daily Average",1113,1016,1218
"1074","Traffic Zone 02047","512","Traffic Zone 06028","6/19/2016 - 6/19/2016, Every day, Daily Average",1303,956,1774
"1074","Traffic Zone 02047","513","Traffic Zone 07123","6/19/2016 - 6/19/2016, Every day, Daily Average",928,739,1163
"1074","Traffic Zone 02047","514","Traffic Zone 06019","6/19/2016 - 6/19/2016, Every day, Daily Average",1120,851,1472
"1074","Traffic Zone 02047","515","Traffic Zone 08131","6/19/2016 - 6/19/2016, Every day, Daily Average",1141,1043,1247
"1074","Traffic Zone 02047","516","Traffic Zone 34003","6/19/2016 - 6/19/2016, Every day, Daily Average",940,737,1197
"1074","Traffic Zone 02047","517","Traffic Zone 04019","6/19/2016 - 6/19/2016, Every day, Daily Average",1030,863,1229
"1074","Traffic Zone 02047","520","Traffic Zone 04038","6/19/2016 - 6/19/2016, Every day, Daily Average",1061,816,1379
"1074","Traffic Zone 02047","529","Traffic Zone 06017","6/19/2016 - 6/19/2016, Every day, Daily Average",1019,770,1348
"1074","Traffic Zone 02047","531","Traffic Zone 34002","6/19/2016 - 6/19/2016, Every day, Daily Average",932,715,1214
"1074","Traffic Zone 02047","532","Traffic Zone 06039","6/19/2016 - 6/19/2016, Every day, Daily Average",1184,878,1595
"1074","Traffic Zone 02047","535","Traffic Zone 04020","6/19/2016 - 6/19/2016, Every day, Daily Average",1096,771,1557
"1074","Traffic Zone 02047","536","Traffic Zone 08095","6/19/2016 - 6/19/2016, Every day, Daily Average",1047,941,1164
"1074","Traffic Zone 02047","537","Traffic Zone 04022","6/19/2016 - 6/19/2016, Every day, Daily Average",1099,944,1278
"1074","Traffic Zone 02047","538","Traffic Zone 08126","6/19/2016 - 6/19/2016, Every day, Daily Average",1119,1026,1219
"1074","Traffic Zone 02047","542","Traffic Zone 36010","6/19/2016 - 6/19/2016, Every day, Daily Average",1165,953,1422
"1074","Traffic Zone 02047","547","Traffic Zone 08071","6/19/2016 - 6/19/2016, Every day, Daily Average",979,816,1173
"1074","Traffic Zone 02047","548","Traffic Zone 07126","6/19/2016 - 6/19/2016, Every day, Daily Average",936,772,1133
"1074","Traffic Zone 02047","550","Traffic Zone 04040","6/19/2016 - 6/19/2016, Every day, Daily Average",1194,431,3305
"1074","Traffic Zone 02047","551","Traffic Zone 06038","6/19/2016 - 6/19/2016, Every day, Daily Average",1146,859,1527
"1074","Traffic Zone 02047","555","Traffic Zone 07125","6/19/2016 - 6/19/2016, Every day, Daily Average",906,711,1154
"1074","Traffic Zone 02047","556","Traffic Zone 04039","6/19/2016 - 6/19/2016, Every day, Daily Average",1105,855,1427
"1074","Traffic Zone 02047","560","Traffic Zone 06013","6/19/2016 - 6/19/2016, Every day, Daily Average",961,787,1173
"1074","Traffic Zone 02047","561","Traffic Zone 06014","6/19/2016 - 6/19/2016, Every day, Daily Average",1067,878,1295
"1074","Traffic Zone 02047","563","Traffic Zone 06031","6/19/2016 - 6/19/2016, Every day, Daily Average",1478,1008,2166
"1074","Traffic Zone 02047","564","Traffic Zone 08124","6/19/2016 - 6/19/2016, Every day, Daily Average",1483,993,2213
"1074","Traffic Zone 02047","565","Traffic Zone 04024","6/19/2016 - 6/19/2016, Every day, Daily Average",1188,882,1599
"1074","Traffic Zone 02047","566","Traffic Zone 04027","6/19/2016 - 6/19/2016, Every day, Daily Average",952,709,1277
"1074","Traffic Zone 02047","567","Traffic Zone 04025","6/19/2016 - 6/19/2016, Every day, Daily Average",987,722,1348
"1074","Traffic Zone 02047","569","Traffic Zone 04026","6/19/2016 - 6/19/2016, Every day, Daily Average",877,681,1127
"1074","Traffic Zone 02047","570","Traffic Zone 07108","6/19/2016 - 6/19/2016, Every day, Daily Average",895,687,1165
"1074","Traffic Zone 02047","572","Traffic Zone 06036","6/19/2016 - 6/19/2016, Every day, Daily Average",898,743,1083
"1074","Traffic Zone 02047","576","Traffic Zone 04042","6/19/2016 - 6/19/2016, Every day, Daily Average",921,753,1125
"1074","Traffic Zone 02047","577","Traffic Zone 04045","6/19/2016 - 6/19/2016, Every day, Daily Average",1036,831,1290
"1074","Traffic Zone 02047","579","Traffic Zone 34001","6/19/2016 - 6/19/2016, Every day, Daily Average",865,668,1119
"1074","Traffic Zone 02047","584","Traffic Zone 04046","6/19/2016 - 6/19/2016, Every day, Daily Average",1152,888,1493
"1074","Traffic Zone 02047","585","Traffic Zone 04047","6/19/2016 - 6/19/2016, Every day, Daily Average",1136,919,1403
"1074","Traffic Zone 02047","586","Traffic Zone 06032","6/19/2016 - 6/19/2016, Every day, Daily Average",1440,940,2205
"1074","Traffic Zone 02047","591","Traffic Zone 04002","6/19/2016 - 6/19/2016, Every day, Daily Average",1168,896,1521
"1074","Traffic Zone 02047","592","Traffic Zone 07107","6/19/2016 - 6/19/2016, Every day, Daily Average",869,674,1119
"1074","Traffic Zone 02047","593","Traffic Zone 08119","6/19/2016 - 6/19/2016, Every day, Daily Average",1209,860,1699
"1074","Traffic Zone 02047","594","Traffic Zone 06035","6/19/2016 - 6/19/2016, Every day, Daily Average",904,722,1131
"1074","Traffic Zone 02047","597","Traffic Zone 08118","6/19/2016 - 6/19/2016, Every day, Daily Average",1478,977,2234
"1074","Traffic Zone 02047","601","Traffic Zone 04004","6/19/2016 - 6/19/2016, Every day, Daily Average",756,559,1021
"1074","Traffic Zone 02047","602","Traffic Zone 04005","6/19/2016 - 6/19/2016, Every day, Daily Average",797,623,1018
"1074","Traffic Zone 02047","603","Traffic Zone 04003","6/19/2016 - 6/19/2016, Every day, Daily Average",919,775,1089
"1074","Traffic Zone 02047","604","Traffic Zone 04001","6/19/2016 - 6/19/2016, Every day, Daily Average",742,564,974
"1074","Traffic Zone 02047","605","Traffic Zone 04041","6/19/2016 - 6/19/2016, Every day, Daily Average",841,699,1011
"1074","Traffic Zone 02047","606","Traffic Zone 07187","6/19/2016 - 6/19/2016, Every day, Daily Average",1390,1113,1734
"1074","Traffic Zone 02047","609","Traffic Zone 07105","6/19/2016 - 6/19/2016, Every day, Daily Average",836,635,1099
"1074","Traffic Zone 02047","611","Traffic Zone 06073","6/19/2016 - 6/19/2016, Every day, Daily Average",1070,910,1257
"1074","Traffic Zone 02047","615","Traffic Zone 07103","6/19/2016 - 6/19/2016, Every day, Daily Average",862,651,1140
"1074","Traffic Zone 02047","617","Traffic Zone 06022","6/19/2016 - 6/19/2016, Every day, Daily Average",1115,1008,1232
"1074","Traffic Zone 02047","621","Traffic Zone 07106","6/19/2016 - 6/19/2016, Every day, Daily Average",781,626,974
"1074","Traffic Zone 02047","623","Traffic Zone 06033","6/19/2016 - 6/19/2016, Every day, Daily Average",892,687,1157
"1074","Traffic Zone 02047","632","Traffic Zone 07112","6/19/2016 - 6/19/2016, Every day, Daily Average",750,611,920
"1074","Traffic Zone 02047","635","Traffic Zone 06074","6/19/2016 - 6/19/2016, Every day, Daily Average",936,796,1100
"1074","Traffic Zone 02047","639","Traffic Zone 04049","6/19/2016 - 6/19/2016, Every day, Daily Average",1152,1026,1292
"1074","Traffic Zone 02047","641","Traffic Zone 07190","6/19/2016 - 6/19/2016, Every day, Daily Average",1000,869,1150
"1074","Traffic Zone 02047","643","Traffic Zone 06015","6/19/2016 - 6/19/2016, Every day, Daily Average",903,820,994
"1074","Traffic Zone 02047","644","Traffic Zone 06056","6/19/2016 - 6/19/2016, Every day, Daily Average",856,653,1121
"1074","Traffic Zone 02047","656","Traffic Zone 07104","6/19/2016 - 6/19/2016, Every day, Daily Average",1165,598,2269
"1074","Traffic Zone 02047","664","Traffic Zone 02153","6/19/2016 - 6/19/2016, Every day, Daily Average",713,532,954
"1074","Traffic Zone 02047","665","Traffic Zone 07109","6/19/2016 - 6/19/2016, Every day, Daily Average",752,597,947
"1074","Traffic Zone 02047","666","Traffic Zone 06034","6/19/2016 - 6/19/2016, Every day, Daily Average",781,575,1060
"1074","Traffic Zone 02047","670","Traffic Zone 07110","6/19/2016 - 6/19/2016, Every day, Daily Average",712,578,876
"1074","Traffic Zone 02047","673","Traffic Zone 07203","6/19/2016 - 6/19/2016, Every day, Daily Average",1060,742,1512
"1074","Traffic Zone 02047","674","Traffic Zone 06043","6/19/2016 - 6/19/2016, Every day, Daily Average",993,898,1097
"1074","Traffic Zone 02047","676","Traffic Zone 06067","6/19/2016 - 6/19/2016, Every day, Daily Average",1403,878,2241
"1074","Traffic Zone 02047","678","Traffic Zone 07205","6/19/2016 - 6/19/2016, Every day, Daily Average",1222,929,1607
"1074","Traffic Zone 02047","682","Traffic Zone 02147","6/19/2016 - 6/19/2016, Every day, Daily Average",636,505,800
"1074","Traffic Zone 02047","684","Traffic Zone 06012","6/19/2016 - 6/19/2016, Every day, Daily Average",972,868,1087
"1074","Traffic Zone 02047","686","Traffic Zone 07248","6/19/2016 - 6/19/2016, Every day, Daily Average",1940,1456,2583
"1074","Traffic Zone 02047","688","Traffic Zone 07206","6/19/2016 - 6/19/2016, Every day, Daily Average",1037,836,1285
"1074","Traffic Zone 02047","690","Traffic Zone 07111","6/19/2016 - 6/19/2016, Every day, Daily Average",686,553,850
"1074","Traffic Zone 02047","691","Traffic Zone 06068","6/19/2016 - 6/19/2016, Every day, Daily Average",1106,909,1344
"1074","Traffic Zone 02047","693","Traffic Zone 06044","6/19/2016 - 6/19/2016, Every day, Daily Average",880,781,990
"1074","Traffic Zone 02047","694","Traffic Zone 07194","6/19/2016 - 6/19/2016, Every day, Daily Average",1085,967,1216
"1074","Traffic Zone 02047","695","Traffic Zone 07202","6/19/2016 - 6/19/2016, Every day, Daily Average",1275,846,1919
"1074","Traffic Zone 02047","696","Traffic Zone 07204","6/19/2016 - 6/19/2016, Every day, Daily Average",1032,804,1323
"1074","Traffic Zone 02047","698","Traffic Zone 02151","6/19/2016 - 6/19/2016, Every day, Daily Average",1010,801,1273
"1074","Traffic Zone 02047","702","Traffic Zone 07192","6/19/2016 - 6/19/2016, Every day, Daily Average",1114,1009,1229
"1074","Traffic Zone 02047","704","Traffic Zone 02152","6/19/2016 - 6/19/2016, Every day, Daily Average",672,509,886
"1074","Traffic Zone 02047","707","Traffic Zone 02150","6/19/2016 - 6/19/2016, Every day, Daily Average",854,679,1072
"1074","Traffic Zone 02047","711","Traffic Zone 07186","6/19/2016 - 6/19/2016, Every day, Daily Average",1219,1082,1372
"1074","Traffic Zone 02047","712","Traffic Zone 06057","6/19/2016 - 6/19/2016, Every day, Daily Average",792,605,1035
"1074","Traffic Zone 02047","718","Traffic Zone 06046","6/19/2016 - 6/19/2016, Every day, Daily Average",699,539,905
"1074","Traffic Zone 02047","719","Traffic Zone 07257","6/19/2016 - 6/19/2016, Every day, Daily Average",1819,1393,2374
"1074","Traffic Zone 02047","724","Traffic Zone 07207","6/19/2016 - 6/19/2016, Every day, Daily Average",1039,843,1280
"1074","Traffic Zone 02047","725","Traffic Zone 02146","6/19/2016 - 6/19/2016, Every day, Daily Average",540,419,694
"1074","Traffic Zone 02047","726","Traffic Zone 06070","6/19/2016 - 6/19/2016, Every day, Daily Average",1172,929,1477
"1074","Traffic Zone 02047","727","Traffic Zone 06071","6/19/2016 - 6/19/2016, Every day, Daily Average",1595,974,2610
"1074","Traffic Zone 02047","730","Traffic Zone 07209","6/19/2016 - 6/19/2016, Every day, Daily Average",936,785,1115
"1074","Traffic Zone 02047","731","Traffic Zone 06045","6/19/2016 - 6/19/2016, Every day, Daily Average",671,511,879
"1074","Traffic Zone 02047","735","Traffic Zone 06047","6/19/2016 - 6/19/2016, Every day, Daily Average",976,844,1128
"1074","Traffic Zone 02047","736","Traffic Zone 07208","6/19/2016 - 6/19/2016, Every day, Daily Average",1176,762,1814
"1074","Traffic Zone 02047","737","Traffic Zone 06051","6/19/2016 - 6/19/2016, Every day, Daily Average",706,548,909
"1074","Traffic Zone 02047","739","Traffic Zone 02148","6/19/2016 - 6/19/2016, Every day, Daily Average",598,455,785
"1074","Traffic Zone 02047","747","Traffic Zone 36007","6/19/2016 - 6/19/2016, Every day, Daily Average",850,782,923
"1074","Traffic Zone 02047","748","Traffic Zone 07258","6/19/2016 - 6/19/2016, Every day, Daily Average",1712,1295,2262
"1074","Traffic Zone 02047","751","Traffic Zone 06048","6/19/2016 - 6/19/2016, Every day, Daily Average",637,480,845
"1074","Traffic Zone 02047","754","Traffic Zone 02154","6/19/2016 - 6/19/2016, Every day, Daily Average",624,485,801
"1074","Traffic Zone 02047","755","Traffic Zone 32002","6/19/2016 - 6/19/2016, Every day, Daily Average",845,685,1041
"1074","Traffic Zone 02047","756","Traffic Zone 32001","6/19/2016 - 6/19/2016, Every day, Daily Average",795,601,1051
"1074","Traffic Zone 02047","761","Traffic Zone 07195","6/19/2016 - 6/19/2016, Every day, Daily Average",1156,908,1470
"1074","Traffic Zone 02047","765","Traffic Zone 06058","6/19/2016 - 6/19/2016, Every day, Daily Average",934,786,1109
"1074","Traffic Zone 02047","767","Traffic Zone 06066","6/19/2016 - 6/19/2016, Every day, Daily Average",1392,1127,1718
"1074","Traffic Zone 02047","768","Traffic Zone 02141","6/19/2016 - 6/19/2016, Every day, Daily Average",884,671,1163
"1074","Traffic Zone 02047","769","Traffic Zone 07198","6/19/2016 - 6/19/2016, Every day, Daily Average",1083,705,1662
"1074","Traffic Zone 02047","770","Traffic Zone 02136","6/19/2016 - 6/19/2016, Every day, Daily Average",525,405,678
"1074","Traffic Zone 02047","771","Traffic Zone 02138","6/19/2016 - 6/19/2016, Every day, Daily Average",920,736,1149
"1074","Traffic Zone 02047","772","Traffic Zone 06040","6/19/2016 - 6/19/2016, Every day, Daily Average",739,646,845
"1074","Traffic Zone 02047","773","Traffic Zone 07197","6/19/2016 - 6/19/2016, Every day, Daily Average",985,541,1791
"1074","Traffic Zone 02047","774","Traffic Zone 06041","6/19/2016 - 6/19/2016, Every day, Daily Average",776,604,995
"1074","Traffic Zone 02047","775","Traffic Zone 07219","6/19/2016 - 6/19/2016, Every day, Daily Average",1484,1130,1947
"1074","Traffic Zone 02047","777","Traffic Zone 06062","6/19/2016 - 6/19/2016, Every day, Daily Average",1246,1030,1507
"1074","Traffic Zone 02047","779","Traffic Zone 02145","6/19/2016 - 6/19/2016, Every day, Daily Average",574,445,739
"1074","Traffic Zone 02047","781","Traffic Zone 07249","6/19/2016 - 6/19/2016, Every day, Daily Average",1758,1270,2433
"1074","Traffic Zone 02047","782","Traffic Zone 07201","6/19/2016 - 6/19/2016, Every day, Daily Average",903,661,1232
"1074","Traffic Zone 02047","785","Traffic Zone 07241","6/19/2016 - 6/19/2016, Every day, Daily Average",1546,1151,2076
"1074","Traffic Zone 02047","786","Traffic Zone 07221","6/19/2016 - 6/19/2016, Every day, Daily Average",1229,895,1687
"1074","Traffic Zone 02047","787","Traffic Zone 06052","6/19/2016 - 6/19/2016, Every day, Daily Average",859,643,1146
"1074","Traffic Zone 02047","788","Traffic Zone 02142","6/19/2016 - 6/19/2016, Every day, Daily Average",556,429,720
"1074","Traffic Zone 02047","789","Traffic Zone 02149","6/19/2016 - 6/19/2016, Every day, Daily Average",534,385,739
"1074","Traffic Zone 02047","792","Traffic Zone 07196","6/19/2016 - 6/19/2016, Every day, Daily Average",863,568,1310
"1074","Traffic Zone 02047","794","Traffic Zone 06042","6/19/2016 - 6/19/2016, Every day, Daily Average",563,429,738
"1074","Traffic Zone 02047","795","Traffic Zone 02139","6/19/2016 - 6/19/2016, Every day, Daily Average",1069,766,1490
"1074","Traffic Zone 02047","796","Traffic Zone 02144","6/19/2016 - 6/19/2016, Every day, Daily Average",947,643,1394
"1074","Traffic Zone 02047","797","Traffic Zone 07200","6/19/2016 - 6/19/2016, Every day, Daily Average",879,618,1249
"1074","Traffic Zone 02047","802","Traffic Zone 07212","6/19/2016 - 6/19/2016, Every day, Daily Average",882,719,1081
"1074","Traffic Zone 02047","805","Traffic Zone 06054","6/19/2016 - 6/19/2016, Every day, Daily Average",596,461,770
"1074","Traffic Zone 02047","807","Traffic Zone 06085","6/19/2016 - 6/19/2016, Every day, Daily Average",1151,973,1360
"1074","Traffic Zone 02047","808","Traffic Zone 06055","6/19/2016 - 6/19/2016, Every day, Daily Average",853,645,1126
"1074","Traffic Zone 02047","809","Traffic Zone 02143","6/19/2016 - 6/19/2016, Every day, Daily Average",844,583,1221
"1074","Traffic Zone 02047","811","Traffic Zone 02140","6/19/2016 - 6/19/2016, Every day, Daily Average",849,583,1234
"1074","Traffic Zone 02047","813","Traffic Zone 06063","6/19/2016 - 6/19/2016, Every day, Daily Average",1306,1082,1575
"1074","Traffic Zone 02047","816","Traffic Zone 02137","6/19/2016 - 6/19/2016, Every day, Daily Average",487,366,647
"1074","Traffic Zone 02047","818","Traffic Zone 07242","6/19/2016 - 6/19/2016, Every day, Daily Average",1449,1071,1959
"1074","Traffic Zone 02047","825","Traffic Zone 02123","6/19/2016 - 6/19/2016, Every day, Daily Average",773,679,879
"1074","Traffic Zone 02047","826","Traffic Zone 06050","6/19/2016 - 6/19/2016, Every day, Daily Average",655,468,915
"1074","Traffic Zone 02047","827","Traffic Zone 02135","6/19/2016 - 6/19/2016, Every day, Daily Average",759,540,1066
"1074","Traffic Zone 02047","830","Traffic Zone 02120","6/19/2016 - 6/19/2016, Every day, Daily Average",654,541,789
"1074","Traffic Zone 02047","831","Traffic Zone 06049","6/19/2016 - 6/19/2016, Every day, Daily Average",956,694,1315
"1074","Traffic Zone 02047","832","Traffic Zone 02122","6/19/2016 - 6/19/2016, Every day, Daily Average",824,675,1005
"1074","Traffic Zone 02047","834","Traffic Zone 02124","6/19/2016 - 6/19/2016, Every day, Daily Average",461,336,632
"1074","Traffic Zone 02047","836","Traffic Zone 06053","6/19/2016 - 6/19/2016, Every day, Daily Average",992,829,1186
"1074","Traffic Zone 02047","840","Traffic Zone 02128","6/19/2016 - 6/19/2016, Every day, Daily Average",417,286,605
"1074","Traffic Zone 02047","841","Traffic Zone 07199","6/19/2016 - 6/19/2016, Every day, Daily Average",1005,591,1707
"1074","Traffic Zone 02047","842","Traffic Zone 02133","6/19/2016 - 6/19/2016, Every day, Daily Average",602,438,826
"1074","Traffic Zone 02047","845","Traffic Zone 07243","6/19/2016 - 6/19/2016, Every day, Daily Average",1344,991,1821
"1074","Traffic Zone 02047","846","Traffic Zone 32003","6/19/2016 - 6/19/2016, Every day, Daily Average",473,342,652
"1074","Traffic Zone 02047","849","Traffic Zone 07213","6/19/2016 - 6/19/2016, Every day, Daily Average",829,549,1249
"1074","Traffic Zone 02047","850","Traffic Zone 02132","6/19/2016 - 6/19/2016, Every day, Daily Average",423,311,574
"1074","Traffic Zone 02047","854","Traffic Zone 02129","6/19/2016 - 6/19/2016, Every day, Daily Average",753,542,1044
"1074","Traffic Zone 02047","856","Traffic Zone 02121","6/19/2016 - 6/19/2016, Every day, Daily Average",910,639,1294
"1074","Traffic Zone 02047","857","Traffic Zone 06087","6/19/2016 - 6/19/2016, Every day, Daily Average",1323,878,1991
"1074","Traffic Zone 02047","860","Traffic Zone 02130","6/19/2016 - 6/19/2016, Every day, Daily Average",371,228,601
"1074","Traffic Zone 02047","863","Traffic Zone 02134","6/19/2016 - 6/19/2016, Every day, Daily Average",546,365,816
"1074","Traffic Zone 02047","864","Traffic Zone 07216","6/19/2016 - 6/19/2016, Every day, Daily Average",768,647,911
"1074","Traffic Zone 02047","865","Traffic Zone 07215","6/19/2016 - 6/19/2016, Every day, Daily Average",994,752,1313
"1074","Traffic Zone 02047","866","Traffic Zone 02118","6/19/2016 - 6/19/2016, Every day, Daily Average",722,475,1096
"1074","Traffic Zone 02047","868","Traffic Zone 02007","6/19/2016 - 6/19/2016, Every day, Daily Average",371,262,525
"1074","Traffic Zone 02047","870","Traffic Zone 02125","6/19/2016 - 6/19/2016, Every day, Daily Average",762,550,1054
"1074","Traffic Zone 02047","871","Traffic Zone 02127","6/19/2016 - 6/19/2016, Every day, Daily Average",425,307,586
"1074","Traffic Zone 02047","872","Traffic Zone 02001","6/19/2016 - 6/19/2016, Every day, Daily Average",789,597,1042
"1074","Traffic Zone 02047","873","Traffic Zone 02131","6/19/2016 - 6/19/2016, Every day, Daily Average",372,244,566
"1074","Traffic Zone 02047","876","Traffic Zone 06098","6/19/2016 - 6/19/2016, Every day, Daily Average",1025,911,1152
"1074","Traffic Zone 02047","878","Traffic Zone 06090","6/19/2016 - 6/19/2016, Every day, Daily Average",1298,979,1719
"1074","Traffic Zone 02047","880","Traffic Zone 02117","6/19/2016 - 6/19/2016, Every day, Daily Average",1110,753,1634
"1074","Traffic Zone 02047","881","Traffic Zone 06097","6/19/2016 - 6/19/2016, Every day, Daily Average",972,843,1119
"1074","Traffic Zone 02047","882","Traffic Zone 02116","6/19/2016 - 6/19/2016, Every day, Daily Average",710,454,1109
"1074","Traffic Zone 02047","883","Traffic Zone 13005","6/19/2016 - 6/19/2016, Every day, Daily Average",1020,874,1190
"1074","Traffic Zone 02047","885","Traffic Zone 13001","6/19/2016 - 6/19/2016, Every day, Daily Average",1441,953,2178
"1074","Traffic Zone 02047","886","Traffic Zone 13002","6/19/2016 - 6/19/2016, Every day, Daily Average",923,669,1273
"1074","Traffic Zone 02047","888","Traffic Zone 13006","6/19/2016 - 6/19/2016, Every day, Daily Average",976,827,1151
"1074","Traffic Zone 02047","889","Traffic Zone 02002","6/19/2016 - 6/19/2016, Every day, Daily Average",731,534,1000
"1074","Traffic Zone 02047","891","Traffic Zone 07224","6/19/2016 - 6/19/2016, Every day, Daily Average",868,813,925
"1074","Traffic Zone 02047","892","Traffic Zone 02126","6/19/2016 - 6/19/2016, Every day, Daily Average",420,254,693
"1074","Traffic Zone 02047","893","Traffic Zone 06001","6/19/2016 - 6/19/2016, Every day, Daily Average",1063,715,1579
"1074","Traffic Zone 02047","894","Traffic Zone 07217","6/19/2016 - 6/19/2016, Every day, Daily Average",783,620,987
"1074","Traffic Zone 02047","895","Traffic Zone 06103","6/19/2016 - 6/19/2016, Every day, Daily Average",916,794,1056
"1074","Traffic Zone 02047","896","Traffic Zone 06102","6/19/2016 - 6/19/2016, Every day, Daily Average",1032,828,1285
"1074","Traffic Zone 02047","899","Traffic Zone 06093","6/19/2016 - 6/19/2016, Every day, Daily Average",1222,832,1794
"1074","Traffic Zone 02047","901","Traffic Zone 07228","6/19/2016 - 6/19/2016, Every day, Daily Average",728,509,1041
"1074","Traffic Zone 02047","902","Traffic Zone 06101","6/19/2016 - 6/19/2016, Every day, Daily Average",724,507,1033
"1074","Traffic Zone 02047","904","Traffic Zone 02006","6/19/2016 - 6/19/2016, Every day, Daily Average",328,222,483
"1074","Traffic Zone 02047","905","Traffic Zone 06132","6/19/2016 - 6/19/2016, Every day, Daily Average",1451,1335,1575
"1074","Traffic Zone 02047","906","Traffic Zone 02005","6/19/2016 - 6/19/2016, Every day, Daily Average",296,206,424
"1074","Traffic Zone 02047","907","Traffic Zone 06091","6/19/2016 - 6/19/2016, Every day, Daily Average",1058,831,1346
"1074","Traffic Zone 02047","908","Traffic Zone 02115","6/19/2016 - 6/19/2016, Every day, Daily Average",823,519,1302
"1074","Traffic Zone 02047","909","Traffic Zone 02110","6/19/2016 - 6/19/2016, Every day, Daily Average",652,540,787
"1074","Traffic Zone 02047","910","Traffic Zone 32004","6/19/2016 - 6/19/2016, Every day, Daily Average",561,368,853
"1074","Traffic Zone 02047","912","Traffic Zone 02004","6/19/2016 - 6/19/2016, Every day, Daily Average",839,524,1342
"1074","Traffic Zone 02047","913","Traffic Zone 02008","6/19/2016 - 6/19/2016, Every day, Daily Average",690,413,1151
"1074","Traffic Zone 02047","914","Traffic Zone 02003","6/19/2016 - 6/19/2016, Every day, Daily Average",578,429,777
"1074","Traffic Zone 02047","915","Traffic Zone 06107","6/19/2016 - 6/19/2016, Every day, Daily Average",948,829,1083
"1074","Traffic Zone 02047","916","Traffic Zone 06104","6/19/2016 - 6/19/2016, Every day, Daily Average",757,618,925
"1074","Traffic Zone 02047","918","Traffic Zone 32013","6/19/2016 - 6/19/2016, Every day, Daily Average",923,546,1558
"1074","Traffic Zone 02047","920","Traffic Zone 06128","6/19/2016 - 6/19/2016, Every day, Daily Average",1456,1277,1659
"1074","Traffic Zone 02047","921","Traffic Zone 02111","6/19/2016 - 6/19/2016, Every day, Daily Average",682,420,1107
"1074","Traffic Zone 02047","922","Traffic Zone 07227","6/19/2016 - 6/19/2016, Every day, Daily Average",811,634,1036
"1074","Traffic Zone 02047","924","Traffic Zone 06105","6/19/2016 - 6/19/2016, Every day, Daily Average",885,741,1056
"1074","Traffic Zone 02047","926","Traffic Zone 36004","6/19/2016 - 6/19/2016, Every day, Daily Average",919,730,1155
"1074","Traffic Zone 02047","927","Traffic Zone 02009","6/19/2016 - 6/19/2016, Every day, Daily Average",888,563,1400
"1074","Traffic Zone 02047","931","Traffic Zone 02108","6/19/2016 - 6/19/2016, Every day, Daily Average",423,276,646
"1074","Traffic Zone 02047","932","Traffic Zone 06116","6/19/2016 - 6/19/2016, Every day, Daily Average",1080,752,1549
"1074","Traffic Zone 02047","933","Traffic Zone 02013","6/19/2016 - 6/19/2016, Every day, Daily Average",274,183,408
"1074","Traffic Zone 02047","934","Traffic Zone 02014","6/19/2016 - 6/19/2016, Every day, Daily Average",540,346,841
"1074","Traffic Zone 02047","935","Traffic Zone 02015","6/19/2016 - 6/19/2016, Every day, Daily Average",562,371,851
"1074","Traffic Zone 02047","938","Traffic Zone 07229","6/19/2016 - 6/19/2016, Every day, Daily Average",670,470,953
"1074","Traffic Zone 02047","940","Traffic Zone 07226","6/19/2016 - 6/19/2016, Every day, Daily Average",793,600,1046
"1074","Traffic Zone 02047","941","Traffic Zone 06115","6/19/2016 - 6/19/2016, Every day, Daily Average",954,804,1131
"1074","Traffic Zone 02047","943","Traffic Zone 02010","6/19/2016 - 6/19/2016, Every day, Daily Average",1051,641,1720
"1074","Traffic Zone 02047","944","Traffic Zone 06002","6/19/2016 - 6/19/2016, Every day, Daily Average",608,454,813
"1074","Traffic Zone 02047","945","Traffic Zone 02019","6/19/2016 - 6/19/2016, Every day, Daily Average",523,376,726
"1074","Traffic Zone 02047","946","Traffic Zone 32005","6/19/2016 - 6/19/2016, Every day, Daily Average",428,295,619
"1074","Traffic Zone 02047","947","Traffic Zone 02017","6/19/2016 - 6/19/2016, Every day, Daily Average",662,421,1038
"1074","Traffic Zone 02047","948","Traffic Zone 02018","6/19/2016 - 6/19/2016, Every day, Daily Average",409,296,563
"1074","Traffic Zone 02047","949","Traffic Zone 02016","6/19/2016 - 6/19/2016, Every day, Daily Average",499,305,815
"1074","Traffic Zone 02047","950","Traffic Zone 02012","6/19/2016 - 6/19/2016, Every day, Daily Average",246,158,382
"1074","Traffic Zone 02047","951","Traffic Zone 02011","6/19/2016 - 6/19/2016, Every day, Daily Average",927,570,1507
"1074","Traffic Zone 02047","953","Traffic Zone 05004","6/19/2016 - 6/19/2016, Every day, Daily Average",610,425,875
"1074","Traffic Zone 02047","954","Traffic Zone 13012","6/19/2016 - 6/19/2016, Every day, Daily Average",1121,970,1294
"1074","Traffic Zone 02047","955","Traffic Zone 07225","6/19/2016 - 6/19/2016, Every day, Daily Average",763,546,1064
"1074","Traffic Zone 02047","956","Traffic Zone 36005","6/19/2016 - 6/19/2016, Every day, Daily Average",974,752,1260
"1074","Traffic Zone 02047","957","Traffic Zone 36003","6/19/2016 - 6/19/2016, Every day, Daily Average",948,797,1126
"1074","Traffic Zone 02047","958","Traffic Zone 13003","6/19/2016 - 6/19/2016, Every day, Daily Average",918,685,1228
"1074","Traffic Zone 02047","959","Traffic Zone 06110","6/19/2016 - 6/19/2016, Every day, Daily Average",956,738,1237
"1074","Traffic Zone 02047","960","Traffic Zone 32006","6/19/2016 - 6/19/2016, Every day, Daily Average",464,260,825
"1074","Traffic Zone 02047","961","Traffic Zone 06106","6/19/2016 - 6/19/2016, Every day, Daily Average",781,641,950
"1074","Traffic Zone 02047","963","Traffic Zone 06003","6/19/2016 - 6/19/2016, Every day, Daily Average",642,525,784
"1074","Traffic Zone 02047","964","Traffic Zone 06109","6/19/2016 - 6/19/2016, Every day, Daily Average",766,580,1010
"1074","Traffic Zone 02047","965","Traffic Zone 06114","6/19/2016 - 6/19/2016, Every day, Daily Average",900,703,1151
"1074","Traffic Zone 02047","966","Traffic Zone 02028","6/19/2016 - 6/19/2016, Every day, Daily Average",571,362,900
"1074","Traffic Zone 02047","967","Traffic Zone 02027","6/19/2016 - 6/19/2016, Every day, Daily Average",769,514,1149
"1074","Traffic Zone 02047","968","Traffic Zone 05005","6/19/2016 - 6/19/2016, Every day, Daily Average",694,455,1058
"1074","Traffic Zone 02047","969","Traffic Zone 06138","6/19/2016 - 6/19/2016, Every day, Daily Average",1451,1289,1632
"1074","Traffic Zone 02047","970","Traffic Zone 06117","6/19/2016 - 6/19/2016, Every day, Daily Average",1019,719,1443
"1074","Traffic Zone 02047","972","Traffic Zone 01007","6/19/2016 - 6/19/2016, Every day, Daily Average",500,276,903
"1074","Traffic Zone 02047","973","Traffic Zone 01006","6/19/2016 - 6/19/2016, Every day, Daily Average",215,132,348
"1074","Traffic Zone 02047","974","Traffic Zone 01001","6/19/2016 - 6/19/2016, Every day, Daily Average",208,132,326
"1074","Traffic Zone 02047","975","Traffic Zone 01002","6/19/2016 - 6/19/2016, Every day, Daily Average",307,179,525
"1074","Traffic Zone 02047","976","Traffic Zone 02023","6/19/2016 - 6/19/2016, Every day, Daily Average",351,264,465
"1074","Traffic Zone 02047","978","Traffic Zone 02021","6/19/2016 - 6/19/2016, Every day, Daily Average",519,341,788
"1074","Traffic Zone 02047","979","Traffic Zone 06004","6/19/2016 - 6/19/2016, Every day, Daily Average",511,412,633
"1074","Traffic Zone 02047","980","Traffic Zone 02020","6/19/2016 - 6/19/2016, Every day, Daily Average",380,254,568
"1074","Traffic Zone 02047","981","Traffic Zone 02100","6/19/2016 - 6/19/2016, Every day, Daily Average",487,318,744
"1074","Traffic Zone 02047","982","Traffic Zone 02112","6/19/2016 - 6/19/2016, Every day, Daily Average",338,230,495
"1074","Traffic Zone 02047","983","Traffic Zone 06108","6/19/2016 - 6/19/2016, Every day, Daily Average",629,478,825
"1074","Traffic Zone 02047","984","Traffic Zone 05001","6/19/2016 - 6/19/2016, Every day, Daily Average",824,493,1377
"1074","Traffic Zone 02047","985","Traffic Zone 01003","6/19/2016 - 6/19/2016, Every day, Daily Average",192,123,297
"1074","Traffic Zone 02047","986","Traffic Zone 02114","6/19/2016 - 6/19/2016, Every day, Daily Average",737,402,1348
"1074","Traffic Zone 02047","987","Traffic Zone 31001","6/19/2016 - 6/19/2016, Every day, Daily Average",182,115,285
"1074","Traffic Zone 02047","988","Traffic Zone 02025","6/19/2016 - 6/19/2016, Every day, Daily Average",166,104,263
"1074","Traffic Zone 02047","989","Traffic Zone 02026","6/19/2016 - 6/19/2016, Every day, Daily Average",492,302,799
"1074","Traffic Zone 02047","990","Traffic Zone 02022","6/19/2016 - 6/19/2016, Every day, Daily Average",321,207,497
"1074","Traffic Zone 02047","991","Traffic Zone 36002","6/19/2016 - 6/19/2016, Every day, Daily Average",694,601,801
"1074","Traffic Zone 02047","992","Traffic Zone 02097","6/19/2016 - 6/19/2016, Every day, Daily Average",565,392,813
"1074","Traffic Zone 02047","993","Traffic Zone 13004","6/19/2016 - 6/19/2016, Every day, Daily Average",1254,1065,1475
"1074","Traffic Zone 02047","994","Traffic Zone 02098","6/19/2016 - 6/19/2016, Every day, Daily Average",516,366,727
"1074","Traffic Zone 02047","995","Traffic Zone 32008","6/19/2016 - 6/19/2016, Every day, Daily Average",532,333,848
"1074","Traffic Zone 02047","996","Traffic Zone 06008","6/19/2016 - 6/19/2016, Every day, Daily Average",421,323,547
"1074","Traffic Zone 02047","997","Traffic Zone 06119","6/19/2016 - 6/19/2016, Every day, Daily Average",845,671,1062
"1074","Traffic Zone 02047","998","Traffic Zone 06118","6/19/2016 - 6/19/2016, Every day, Daily Average",967,675,1384
"1074","Traffic Zone 02047","999","Traffic Zone 02113","6/19/2016 - 6/19/2016, Every day, Daily Average",489,272,878
"1074","Traffic Zone 02047","1001","Traffic Zone 02029","6/19/2016 - 6/19/2016, Every day, Daily Average",454,278,740
"1074","Traffic Zone 02047","1002","Traffic Zone 32010","6/19/2016 - 6/19/2016, Every day, Daily Average",619,355,1078
"1074","Traffic Zone 02047","1003","Traffic Zone 32009","6/19/2016 - 6/19/2016, Every day, Daily Average",663,429,1024
"1074","Traffic Zone 02047","1004","Traffic Zone 02030","6/19/2016 - 6/19/2016, Every day, Daily Average",600,305,1177
"1074","Traffic Zone 02047","1005","Traffic Zone 31005","6/19/2016 - 6/19/2016, Every day, Daily Average",730,354,1502
"1074","Traffic Zone 02047","1006","Traffic Zone 01008","6/19/2016 - 6/19/2016, Every day, Daily Average",461,303,701
"1074","Traffic Zone 02047","1007","Traffic Zone 06007","6/19/2016 - 6/19/2016, Every day, Daily Average",378,285,500
"1074","Traffic Zone 02047","1008","Traffic Zone 06111","6/19/2016 - 6/19/2016, Every day, Daily Average",699,554,880
"1074","Traffic Zone 02047","1009","Traffic Zone 02099","6/19/2016 - 6/19/2016, Every day, Daily Average",752,526,1073
"1074","Traffic Zone 02047","1010","Traffic Zone 01004","6/19/2016 - 6/19/2016, Every day, Daily Average",444,256,767
"1074","Traffic Zone 02047","1011","Traffic Zone 01005","6/19/2016 - 6/19/2016, Every day, Daily Average",354,225,556
"1074","Traffic Zone 02047","1012","Traffic Zone 02032","6/19/2016 - 6/19/2016, Every day, Daily Average",138,79,238
"1074","Traffic Zone 02047","1013","Traffic Zone 02031","6/19/2016 - 6/19/2016, Every day, Daily Average",134,85,211
"1074","Traffic Zone 02047","1014","Traffic Zone 36001","6/19/2016 - 6/19/2016, Every day, Daily Average",527,414,670
"1074","Traffic Zone 02047","1015","Traffic Zone 06140","6/19/2016 - 6/19/2016, Every day, Daily Average",1295,1069,1568
"1074","Traffic Zone 02047","1016","Traffic Zone 06005","6/19/2016 - 6/19/2016, Every day, Daily Average",325,245,430
"1074","Traffic Zone 02047","1017","Traffic Zone 06129","6/19/2016 - 6/19/2016, Every day, Daily Average",1219,1023,1451
"1074","Traffic Zone 02047","1018","Traffic Zone 02033","6/19/2016 - 6/19/2016, Every day, Daily Average",268,163,440
"1074","Traffic Zone 02047","1019","Traffic Zone 06006","6/19/2016 - 6/19/2016, Every day, Daily Average",463,380,563
"1074","Traffic Zone 02047","1020","Traffic Zone 06139","6/19/2016 - 6/19/2016, Every day, Daily Average",1225,1129,1328
"1074","Traffic Zone 02047","1021","Traffic Zone 06120","6/19/2016 - 6/19/2016, Every day, Daily Average",961,648,1423
"1074","Traffic Zone 02047","1022","Traffic Zone 02034","6/19/2016 - 6/19/2016, Every day, Daily Average",382,240,607
"1074","Traffic Zone 02047","1023","Traffic Zone 01009","6/19/2016 - 6/19/2016, Every day, Daily Average",417,231,751
"1074","Traffic Zone 02047","1024","Traffic Zone 01011","6/19/2016 - 6/19/2016, Every day, Daily Average",418,259,672
"1074","Traffic Zone 02047","1025","Traffic Zone 31002","6/19/2016 - 6/19/2016, Every day, Daily Average",488,258,919
"1074","Traffic Zone 02047","1026","Traffic Zone 02101","6/19/2016 - 6/19/2016, Every day, Daily Average",794,423,1487
"1074","Traffic Zone 02047","1029","Traffic Zone 01010","6/19/2016 - 6/19/2016, Every day, Daily Average",468,192,1135
"1074","Traffic Zone 02047","1030","Traffic Zone 01013","6/19/2016 - 6/19/2016, Every day, Daily Average",563,279,1132
"1074","Traffic Zone 02047","1031","Traffic Zone 01014","6/19/2016 - 6/19/2016, Every day, Daily Average",489,245,972
"1074","Traffic Zone 02047","1032","Traffic Zone 01017","6/19/2016 - 6/19/2016, Every day, Daily Average",324,126,826
"1074","Traffic Zone 02047","1034","Traffic Zone 01012","6/19/2016 - 6/19/2016, Every day, Daily Average",389,211,714
"1074","Traffic Zone 02047","1035","Traffic Zone 02042","6/19/2016 - 6/19/2016, Every day, Daily Average",238,145,389
"1074","Traffic Zone 02047","1036","Traffic Zone 32012","6/19/2016 - 6/19/2016, Every day, Daily Average",793,429,1463
"1074","Traffic Zone 02047","1037","Traffic Zone 02107","6/19/2016 - 6/19/2016, Every day, Daily Average",312,198,490
"1074","Traffic Zone 02047","1038","Traffic Zone 31003","6/19/2016 - 6/19/2016, Every day, Daily Average",360,186,696
"1074","Traffic Zone 02047","1039","Traffic Zone 02041","6/19/2016 - 6/19/2016, Every day, Daily Average",383,204,717
"1074","Traffic Zone 02047","1040","Traffic Zone 02039","6/19/2016 - 6/19/2016, Every day, Daily Average",356,223,566
"1074","Traffic Zone 02047","1042","Traffic Zone 05002","6/19/2016 - 6/19/2016, Every day, Daily Average",814,651,1017
"1074","Traffic Zone 02047","1043","Traffic Zone 02040","6/19/2016 - 6/19/2016, Every day, Daily Average",567,348,922
"1074","Traffic Zone 02047","1044","Traffic Zone 02037","6/19/2016 - 6/19/2016, Every day, Daily Average",572,324,1009
"1074","Traffic Zone 02047","1045","Traffic Zone 06009","6/19/2016 - 6/19/2016, Every day, Daily Average",514,385,684
"1074","Traffic Zone 02047","1046","Traffic Zone 01015","6/19/2016 - 6/19/2016, Every day, Daily Average",430,190,969
"1074","Traffic Zone 02047","1047","Traffic Zone 05003","6/19/2016 - 6/19/2016, Every day, Daily Average",733,596,901
"1074","Traffic Zone 02047","1048","Traffic Zone 01016","6/19/2016 - 6/19/2016, Every day, Daily Average",529,229,1219
"1074","Traffic Zone 02047","1049","Traffic Zone 02036","6/19/2016 - 6/19/2016, Every day, Daily Average",89,54,145
"1074","Traffic Zone 02047","1050","Traffic Zone 32007","6/19/2016 - 6/19/2016, Every day, Daily Average",98,57,166
"1074","Traffic Zone 02047","1051","Traffic Zone 02035","6/19/2016 - 6/19/2016, Every day, Daily Average",414,229,746
"1074","Traffic Zone 02047","1052","Traffic Zone 13024","6/19/2016 - 6/19/2016, Every day, Daily Average",1253,1112,1411
"1074","Traffic Zone 02047","1053","Traffic Zone 01020","6/19/2016 - 6/19/2016, Every day, Daily Average",234,116,468
"1074","Traffic Zone 02047","1054","Traffic Zone 06126","6/19/2016 - 6/19/2016, Every day, Daily Average",935,784,1113
"1074","Traffic Zone 02047","1055","Traffic Zone 01019","6/19/2016 - 6/19/2016, Every day, Daily Average",196,89,430
"1074","Traffic Zone 02047","1056","Traffic Zone 31006","6/19/2016 - 6/19/2016, Every day, Daily Average",157,48,503
"1074","Traffic Zone 02047","1057","Traffic Zone 02038","6/19/2016 - 6/19/2016, Every day, Daily Average",523,396,689
"1074","Traffic Zone 02047","1058","Traffic Zone 02103","6/19/2016 - 6/19/2016, Every day, Daily Average",897,499,1609
"1074","Traffic Zone 02047","1059","Traffic Zone 06113","6/19/2016 - 6/19/2016, Every day, Daily Average",722,540,965
"1074","Traffic Zone 02047","1060","Traffic Zone 31004","6/19/2016 - 6/19/2016, Every day, Daily Average",241,82,701
"1074","Traffic Zone 02047","1061","Traffic Zone 01022","6/19/2016 - 6/19/2016, Every day, Daily Average",71,40,123
"1074","Traffic Zone 02047","1062","Traffic Zone 06130","6/19/2016 - 6/19/2016, Every day, Daily Average",976,831,1146
"1074","Traffic Zone 02047","1063","Traffic Zone 01018","6/19/2016 - 6/19/2016, Every day, Daily Average",159,63,401
"1074","Traffic Zone 02047","1064","Traffic Zone 02045","6/19/2016 - 6/19/2016, Every day, Daily Average",230,108,487
"1074","Traffic Zone 02047","1065","Traffic Zone 01021","6/19/2016 - 6/19/2016, Every day, Daily Average",65,33,125
"1074","Traffic Zone 02047","1067","Traffic Zone 02053","6/19/2016 - 6/19/2016, Every day, Daily Average",210,134,327
"1074","Traffic Zone 02047","1068","Traffic Zone 06010","6/19/2016 - 6/19/2016, Every day, Daily Average",270,180,404
"1074","Traffic Zone 02047","1069","Traffic Zone 06173","6/19/2016 - 6/19/2016, Every day, Daily Average",338,225,507
"1074","Traffic Zone 02047","1070","Traffic Zone 02043","6/19/2016 - 6/19/2016, Every day, Daily Average",206,114,370
"1074","Traffic Zone 02047","1071","Traffic Zone 02102","6/19/2016 - 6/19/2016, Every day, Daily Average",847,462,1550
"1074","Traffic Zone 02047","1072","Traffic Zone 02046","6/19/2016 - 6/19/2016, Every day, Daily Average",103,42,249
"1074","Traffic Zone 02047","1073","Traffic Zone 06131","6/19/2016 - 6/19/2016, Every day, Daily Average",1145,1003,1305
"1074","Traffic Zone 02047","1074","Traffic Zone 02047","6/19/2016 - 6/19/2016, Every day, Daily Average",349,53,2285
"1074","Traffic Zone 02047","1075","Traffic Zone 02048","6/19/2016 - 6/19/2016, Every day, Daily Average",38,20,70
"1074","Traffic Zone 02047","1076","Traffic Zone 02049","6/19/2016 - 6/19/2016, Every day, Daily Average",72,38,133
"1074","Traffic Zone 02047","1077","Traffic Zone 02050","6/19/2016 - 6/19/2016, Every day, Daily Average",112,62,201
"1074","Traffic Zone 02047","1078","Traffic Zone 02051","6/19/2016 - 6/19/2016, Every day, Daily Average",143,88,231
"1074","Traffic Zone 02047","1079","Traffic Zone 02104","6/19/2016 - 6/19/2016, Every day, Daily Average",723,579,902
"1074","Traffic Zone 02047","1080","Traffic Zone 02061","6/19/2016 - 6/19/2016, Every day, Daily Average",409,265,630
"1074","Traffic Zone 02047","1081","Traffic Zone 05019","6/19/2016 - 6/19/2016, Every day, Daily Average",866,693,1081
"1074","Traffic Zone 02047","1082","Traffic Zone 02044","6/19/2016 - 6/19/2016, Every day, Daily Average",155,82,292
"1074","Traffic Zone 02047","1083","Traffic Zone 13010","6/19/2016 - 6/19/2016, Every day, Daily Average",1213,1019,1443
"1074","Traffic Zone 02047","1084","Traffic Zone 06170","6/19/2016 - 6/19/2016, Every day, Daily Average",638,450,904
"1074","Traffic Zone 02047","1085","Traffic Zone 02060","6/19/2016 - 6/19/2016, Every day, Daily Average",151,67,336
"1074","Traffic Zone 02047","1086","Traffic Zone 06142","6/19/2016 - 6/19/2016, Every day, Daily Average",1134,1030,1248
"1074","Traffic Zone 02047","1087","Traffic Zone 05022","6/19/2016 - 6/19/2016, Every day, Daily Average",871,719,1053
"1074","Traffic Zone 02047","1088","Traffic Zone 02052","6/19/2016 - 6/19/2016, Every day, Daily Average",166,106,259
"1074","Traffic Zone 02047","1089","Traffic Zone 32014","6/19/2016 - 6/19/2016, Every day, Daily Average",213,107,420
"1074","Traffic Zone 02047","1091","Traffic Zone 02055","6/19/2016 - 6/19/2016, Every day, Daily Average",274,193,387
"1074","Traffic Zone 02047","1094","Traffic Zone 06165","6/19/2016 - 6/19/2016, Every day, Daily Average",768,617,954
"1074","Traffic Zone 02047","1095","Traffic Zone 06134","6/19/2016 - 6/19/2016, Every day, Daily Average",1073,910,1264
"1074","Traffic Zone 02047","1096","Traffic Zone 02105","6/19/2016 - 6/19/2016, Every day, Daily Average",547,419,713
"1074","Traffic Zone 02047","1097","Traffic Zone 02059","6/19/2016 - 6/19/2016, Every day, Daily Average",288,126,657
"1074","Traffic Zone 02047","1098","Traffic Zone 06168","6/19/2016 - 6/19/2016, Every day, Daily Average",892,565,1407
"1074","Traffic Zone 02047","1099","Traffic Zone 06169","6/19/2016 - 6/19/2016, Every day, Daily Average",752,553,1020
"1074","Traffic Zone 02047","1100","Traffic Zone 02056","6/19/2016 - 6/19/2016, Every day, Daily Average",290,181,463
"1074","Traffic Zone 02047","1101","Traffic Zone 02058","6/19/2016 - 6/19/2016, Every day, Daily Average",53,34,82
"1074","Traffic Zone 02047","1102","Traffic Zone 02054","6/19/2016 - 6/19/2016, Every day, Daily Average",358,241,531
"1074","Traffic Zone 02047","1103","Traffic Zone 05020","6/19/2016 - 6/19/2016, Every day, Daily Average",1022,880,1185
"1074","Traffic Zone 02047","1104","Traffic Zone 06135","6/19/2016 - 6/19/2016, Every day, Daily Average",1087,879,1343
"1074","Traffic Zone 02047","1105","Traffic Zone 02095","6/19/2016 - 6/19/2016, Every day, Daily Average",706,647,769
"1074","Traffic Zone 02047","1106","Traffic Zone 06143","6/19/2016 - 6/19/2016, Every day, Daily Average",1143,964,1355
"1074","Traffic Zone 02047","1107","Traffic Zone 06121","6/19/2016 - 6/19/2016, Every day, Daily Average",733,588,913
"1074","Traffic Zone 02047","1108","Traffic Zone 05021","6/19/2016 - 6/19/2016, Every day, Daily Average",894,787,1014
"1074","Traffic Zone 02047","1109","Traffic Zone 02062","6/19/2016 - 6/19/2016, Every day, Daily Average",504,347,730
"1074","Traffic Zone 02047","1110","Traffic Zone 02063","6/19/2016 - 6/19/2016, Every day, Daily Average",366,231,578
"1074","Traffic Zone 02047","1113","Traffic Zone 06174","6/19/2016 - 6/19/2016, Every day, Daily Average",503,386,654
"1074","Traffic Zone 02047","1114","Traffic Zone 06171","6/19/2016 - 6/19/2016, Every day, Daily Average",620,358,1072
"1074","Traffic Zone 02047","1115","Traffic Zone 06166","6/19/2016 - 6/19/2016, Every day, Daily Average",746,551,1009
"1074","Traffic Zone 02047","1116","Traffic Zone 06167","6/19/2016 - 6/19/2016, Every day, Daily Average",943,565,1572
"1074","Traffic Zone 02047","1117","Traffic Zone 06172","6/19/2016 - 6/19/2016, Every day, Daily Average",671,434,1036
"1074","Traffic Zone 02047","1118","Traffic Zone 02064","6/19/2016 - 6/19/2016, Every day, Daily Average",89,61,127
"1074","Traffic Zone 02047","1121","Traffic Zone 06122","6/19/2016 - 6/19/2016, Every day, Daily Average",855,682,1070
"1074","Traffic Zone 02047","1122","Traffic Zone 32015","6/19/2016 - 6/19/2016, Every day, Daily Average",389,246,613
"1074","Traffic Zone 02047","1123","Traffic Zone 02073","6/19/2016 - 6/19/2016, Every day, Daily Average",445,326,606
"1074","Traffic Zone 02047","1124","Traffic Zone 02066","6/19/2016 - 6/19/2016, Every day, Daily Average",450,271,745
"1074","Traffic Zone 02047","1125","Traffic Zone 02065","6/19/2016 - 6/19/2016, Every day, Daily Average",408,333,499
"1074","Traffic Zone 02047","1126","Traffic Zone 02096","6/19/2016 - 6/19/2016, Every day, Daily Average",662,592,740
"1074","Traffic Zone 02047","1128","Traffic Zone 05025","6/19/2016 - 6/19/2016, Every day, Daily Average",1233,951,1598
"1074","Traffic Zone 02047","1129","Traffic Zone 05023","6/19/2016 - 6/19/2016, Every day, Daily Average",1304,1038,1637
"1074","Traffic Zone 02047","1131","Traffic Zone 06176","6/19/2016 - 6/19/2016, Every day, Daily Average",396,281,557
"1074","Traffic Zone 02047","1132","Traffic Zone 02057","6/19/2016 - 6/19/2016, Every day, Daily Average",366,214,625
"1074","Traffic Zone 02047","1133","Traffic Zone 05024","6/19/2016 - 6/19/2016, Every day, Daily Average",1000,950,1051
"1074","Traffic Zone 02047","1134","Traffic Zone 02087","6/19/2016 - 6/19/2016, Every day, Daily Average",732,491,1090
"1074","Traffic Zone 02047","1135","Traffic Zone 02088","6/19/2016 - 6/19/2016, Every day, Daily Average",684,468,999
"1074","Traffic Zone 02047","1137","Traffic Zone 06144","6/19/2016 - 6/19/2016, Every day, Daily Average",964,776,1196
"1074","Traffic Zone 02047","1138","Traffic Zone 02068","6/19/2016 - 6/19/2016, Every day, Daily Average",408,339,489
"1074","Traffic Zone 02047","1139","Traffic Zone 02086","6/19/2016 - 6/19/2016, Every day, Daily Average",649,504,834
"1074","Traffic Zone 02047","1140","Traffic Zone 02094","6/19/2016 - 6/19/2016, Every day, Daily Average",818,733,912
"1074","Traffic Zone 02047","1141","Traffic Zone 02067","6/19/2016 - 6/19/2016, Every day, Daily Average",128,99,164
"1074","Traffic Zone 02047","1142","Traffic Zone 02089","6/19/2016 - 6/19/2016, Every day, Daily Average",515,401,660
"1074","Traffic Zone 02047","1143","Traffic Zone 02069","6/19/2016 - 6/19/2016, Every day, Daily Average",434,206,913
"1074","Traffic Zone 02047","1144","Traffic Zone 06175","6/19/2016 - 6/19/2016, Every day, Daily Average",606,456,803
"1074","Traffic Zone 02047","1145","Traffic Zone 02070","6/19/2016 - 6/19/2016, Every day, Daily Average",515,328,807
"1074","Traffic Zone 02047","1146","Traffic Zone 06160","6/19/2016 - 6/19/2016, Every day, Daily Average",596,452,785
"1074","Traffic Zone 02047","1147","Traffic Zone 06146","6/19/2016 - 6/19/2016, Every day, Daily Average",433,312,599
"1074","Traffic Zone 02047","1148","Traffic Zone 06145","6/19/2016 - 6/19/2016, Every day, Daily Average",503,367,688
"1074","Traffic Zone 02047","1149","Traffic Zone 02084","6/19/2016 - 6/19/2016, Every day, Daily Average",471,388,570
"1074","Traffic Zone 02047","1152","Traffic Zone 06162","6/19/2016 - 6/19/2016, Every day, Daily Average",677,568,806
"1074","Traffic Zone 02047","1153","Traffic Zone 02085","6/19/2016 - 6/19/2016, Every day, Daily Average",403,322,502
"1074","Traffic Zone 02047","1155","Traffic Zone 02075","6/19/2016 - 6/19/2016, Every day, Daily Average",610,483,769
"1074","Traffic Zone 02047","1156","Traffic Zone 02076","6/19/2016 - 6/19/2016, Every day, Daily Average",627,491,800
"1074","Traffic Zone 02047","1157","Traffic Zone 05027","6/19/2016 - 6/19/2016, Every day, Daily Average",934,869,1003
"1074","Traffic Zone 02047","1158","Traffic Zone 32016","6/19/2016 - 6/19/2016, Every day, Daily Average",177,137,228
"1074","Traffic Zone 02047","1160","Traffic Zone 02083","6/19/2016 - 6/19/2016, Every day, Daily Average",449,351,573
"1074","Traffic Zone 02047","1161","Traffic Zone 05115","6/19/2016 - 6/19/2016, Every day, Daily Average",384,277,531
"1074","Traffic Zone 02047","1162","Traffic Zone 02074","6/19/2016 - 6/19/2016, Every day, Daily Average",403,219,739
"1074","Traffic Zone 02047","1163","Traffic Zone 06164","6/19/2016 - 6/19/2016, Every day, Daily Average",816,644,1033
"1074","Traffic Zone 02047","1166","Traffic Zone 06152","6/19/2016 - 6/19/2016, Every day, Daily Average",952,716,1264
"1074","Traffic Zone 02047","1167","Traffic Zone 06153","6/19/2016 - 6/19/2016, Every day, Daily Average",894,821,972
"1074","Traffic Zone 02047","1169","Traffic Zone 06155","6/19/2016 - 6/19/2016, Every day, Daily Average",1164,834,1622
"1074","Traffic Zone 02047","1171","Traffic Zone 06161","6/19/2016 - 6/19/2016, Every day, Daily Average",963,710,1305
"1074","Traffic Zone 02047","1173","Traffic Zone 06154","6/19/2016 - 6/19/2016, Every day, Daily Average",1022,840,1242
"1074","Traffic Zone 02047","1174","Traffic Zone 06148","6/19/2016 - 6/19/2016, Every day, Daily Average",868,559,1346
"1074","Traffic Zone 02047","1175","Traffic Zone 05117","6/19/2016 - 6/19/2016, Every day, Daily Average",482,357,649
"1074","Traffic Zone 02047","1176","Traffic Zone 05029","6/19/2016 - 6/19/2016, Every day, Daily Average",1362,1045,1774
"1074","Traffic Zone 02047","1177","Traffic Zone 09006","6/19/2016 - 6/19/2016, Every day, Daily Average",1172,927,1481
"1074","Traffic Zone 02047","1178","Traffic Zone 06150","6/19/2016 - 6/19/2016, Every day, Daily Average",955,700,1301
"1074","Traffic Zone 02047","1179","Traffic Zone 05026","6/19/2016 - 6/19/2016, Every day, Daily Average",826,786,867
"1074","Traffic Zone 02047","1180","Traffic Zone 02092","6/19/2016 - 6/19/2016, Every day, Daily Average",699,437,1117
"1074","Traffic Zone 02047","1181","Traffic Zone 05114","6/19/2016 - 6/19/2016, Every day, Daily Average",427,312,582
"1074","Traffic Zone 02047","1182","Traffic Zone 02082","6/19/2016 - 6/19/2016, Every day, Daily Average",210,168,261
"1074","Traffic Zone 02047","1184","Traffic Zone 02090","6/19/2016 - 6/19/2016, Every day, Daily Average",718,584,882
"1074","Traffic Zone 02047","1186","Traffic Zone 05008","6/19/2016 - 6/19/2016, Every day, Daily Average",1694,1310,2189
"1074","Traffic Zone 02047","1188","Traffic Zone 05009","6/19/2016 - 6/19/2016, Every day, Daily Average",1546,1189,2009
"1074","Traffic Zone 02047","1189","Traffic Zone 02091","6/19/2016 - 6/19/2016, Every day, Daily Average",922,549,1546
"1074","Traffic Zone 02047","1190","Traffic Zone 05116","6/19/2016 - 6/19/2016, Every day, Daily Average",604,479,760
"1074","Traffic Zone 02047","1193","Traffic Zone 02093","6/19/2016 - 6/19/2016, Every day, Daily Average",854,555,1312
"1074","Traffic Zone 02047","1194","Traffic Zone 06147","6/19/2016 - 6/19/2016, Every day, Daily Average",1055,720,1544
"1074","Traffic Zone 02047","1195","Traffic Zone 02080","6/19/2016 - 6/19/2016, Every day, Daily Average",633,500,801
"1074","Traffic Zone 02047","1197","Traffic Zone 06163","6/19/2016 - 6/19/2016, Every day, Daily Average",1009,866,1174
"1074","Traffic Zone 02047","1198","Traffic Zone 02081","6/19/2016 - 6/19/2016, Every day, Daily Average",267,216,328
"1074","Traffic Zone 02047","1199","Traffic Zone 06149","6/19/2016 - 6/19/2016, Every day, Daily Average",1008,684,1484
"1074","Traffic Zone 02047","1204","Traffic Zone 05119","6/19/2016 - 6/19/2016, Every day, Daily Average",1112,654,1889
"1074","Traffic Zone 02047","1205","Traffic Zone 05113","6/19/2016 - 6/19/2016, Every day, Daily Average",594,345,1021
"1074","Traffic Zone 02047","1206","Traffic Zone 02079","6/19/2016 - 6/19/2016, Every day, Daily Average",321,249,412
"1074","Traffic Zone 02047","1207","Traffic Zone 02077","6/19/2016 - 6/19/2016, Every day, Daily Average",1057,608,1834
"1074","Traffic Zone 02047","1208","Traffic Zone 35001","6/19/2016 - 6/19/2016, Every day, Daily Average",375,319,440
"1074","Traffic Zone 02047","1213","Traffic Zone 09012","6/19/2016 - 6/19/2016, Every day, Daily Average",1252,1016,1541
"1074","Traffic Zone 02047","1217","Traffic Zone 09013","6/19/2016 - 6/19/2016, Every day, Daily Average",1139,660,1962
"1074","Traffic Zone 02047","1221","Traffic Zone 05110","6/19/2016 - 6/19/2016, Every day, Daily Average",325,271,389
"1074","Traffic Zone 02047","1222","Traffic Zone 09019","6/19/2016 - 6/19/2016, Every day, Daily Average",1312,1014,1696
"1074","Traffic Zone 02047","1224","Traffic Zone 35002","6/19/2016 - 6/19/2016, Every day, Daily Average",478,385,592
"1074","Traffic Zone 02047","1226","Traffic Zone 09015","6/19/2016 - 6/19/2016, Every day, Daily Average",1305,1191,1429
"1074","Traffic Zone 02047","1227","Traffic Zone 05105","6/19/2016 - 6/19/2016, Every day, Daily Average",688,520,909
"1074","Traffic Zone 02047","1229","Traffic Zone 05111","6/19/2016 - 6/19/2016, Every day, Daily Average",366,288,463
"1074","Traffic Zone 02047","1231","Traffic Zone 02078","6/19/2016 - 6/19/2016, Every day, Daily Average",385,305,484
"1074","Traffic Zone 02047","1233","Traffic Zone 05106","6/19/2016 - 6/19/2016, Every day, Daily Average",735,500,1078
"1074","Traffic Zone 02047","1234","Traffic Zone 05118","6/19/2016 - 6/19/2016, Every day, Daily Average",1172,734,1871
"1074","Traffic Zone 02047","1235","Traffic Zone 05120","6/19/2016 - 6/19/2016, Every day, Daily Average",997,715,1389
"1074","Traffic Zone 02047","1236","Traffic Zone 05122","6/19/2016 - 6/19/2016, Every day, Daily Average",1044,668,1631
"1074","Traffic Zone 02047","1238","Traffic Zone 05112","6/19/2016 - 6/19/2016, Every day, Daily Average",560,386,812
"1074","Traffic Zone 02047","1241","Traffic Zone 05037","6/19/2016 - 6/19/2016, Every day, Daily Average",1406,1087,1818
"1074","Traffic Zone 02047","1244","Traffic Zone 05107","6/19/2016 - 6/19/2016, Every day, Daily Average",742,535,1027
"1074","Traffic Zone 02047","1248","Traffic Zone 05077","6/19/2016 - 6/19/2016, Every day, Daily Average",937,714,1228
"1074","Traffic Zone 02047","1249","Traffic Zone 11002","6/19/2016 - 6/19/2016, Every day, Daily Average",614,504,747
"1074","Traffic Zone 02047","1250","Traffic Zone 11001","6/19/2016 - 6/19/2016, Every day, Daily Average",551,442,686
"1074","Traffic Zone 02047","1251","Traffic Zone 11006","6/19/2016 - 6/19/2016, Every day, Daily Average",477,336,676
"1074","Traffic Zone 02047","1253","Traffic Zone 11008","6/19/2016 - 6/19/2016, Every day, Daily Average",795,532,1186
"1074","Traffic Zone 02047","1254","Traffic Zone 11009","6/19/2016 - 6/19/2016, Every day, Daily Average",834,669,1039
"1074","Traffic Zone 02047","1255","Traffic Zone 11027","6/19/2016 - 6/19/2016, Every day, Daily Average",1180,899,1547
"1074","Traffic Zone 02047","1260","Traffic Zone 05121","6/19/2016 - 6/19/2016, Every day, Daily Average",1642,969,2780
"1074","Traffic Zone 02047","1261","Traffic Zone 05033","6/19/2016 - 6/19/2016, Every day, Daily Average",1033,804,1326
"1074","Traffic Zone 02047","1265","Traffic Zone 05108","6/19/2016 - 6/19/2016, Every day, Daily Average",808,658,991
"1074","Traffic Zone 02047","1268","Traffic Zone 05038","6/19/2016 - 6/19/2016, Every day, Daily Average",1130,875,1458
"1074","Traffic Zone 02047","1271","Traffic Zone 11007","6/19/2016 - 6/19/2016, Every day, Daily Average",532,384,736
"1074","Traffic Zone 02047","1274","Traffic Zone 09023","6/19/2016 - 6/19/2016, Every day, Daily Average",1572,1367,1806
"1074","Traffic Zone 02047","1276","Traffic Zone 05109","6/19/2016 - 6/19/2016, Every day, Daily Average",739,542,1006
"1074","Traffic Zone 02047","1277","Traffic Zone 05086","6/19/2016 - 6/19/2016, Every day, Daily Average",873,734,1037
"1074","Traffic Zone 02047","1278","Traffic Zone 11005","6/19/2016 - 6/19/2016, Every day, Daily Average",608,421,877
"1074","Traffic Zone 02047","1285","Traffic Zone 05061","6/19/2016 - 6/19/2016, Every day, Daily Average",834,607,1145
"1074","Traffic Zone 02047","1287","Traffic Zone 05085","6/19/2016 - 6/19/2016, Every day, Daily Average",836,805,867
"1074","Traffic Zone 02047","1289","Traffic Zone 05084","6/19/2016 - 6/19/2016, Every day, Daily Average",1040,802,1346
"1074","Traffic Zone 02047","1290","Traffic Zone 05088","6/19/2016 - 6/19/2016, Every day, Daily Average",1088,872,1357
"1074","Traffic Zone 02047","1292","Traffic Zone 05078","6/19/2016 - 6/19/2016, Every day, Daily Average",1245,660,2346
"1074","Traffic Zone 02047","1294","Traffic Zone 11004","6/19/2016 - 6/19/2016, Every day, Daily Average",658,468,923
"1074","Traffic Zone 02047","1295","Traffic Zone 11012","6/19/2016 - 6/19/2016, Every day, Daily Average",550,425,710
"1074","Traffic Zone 02047","1296","Traffic Zone 11003","6/19/2016 - 6/19/2016, Every day, Daily Average",819,606,1106
"1074","Traffic Zone 02047","1297","Traffic Zone 05080","6/19/2016 - 6/19/2016, Every day, Daily Average",1034,672,1589
"1074","Traffic Zone 02047","1298","Traffic Zone 05079","6/19/2016 - 6/19/2016, Every day, Daily Average",918,587,1433
"1074","Traffic Zone 02047","1301","Traffic Zone 05063","6/19/2016 - 6/19/2016, Every day, Daily Average",974,775,1223
"1074","Traffic Zone 02047","1311","Traffic Zone 11038","6/19/2016 - 6/19/2016, Every day, Daily Average",1033,652,1634
"1074","Traffic Zone 02047","1314","Traffic Zone 11033","6/19/2016 - 6/19/2016, Every day, Daily Average",835,561,1240
"1074","Traffic Zone 02047","1320","Traffic Zone 11037","6/19/2016 - 6/19/2016, Every day, Daily Average",801,563,1139
"1074","Traffic Zone 02047","1326","Traffic Zone 11016","6/19/2016 - 6/19/2016, Every day, Daily Average",690,531,896
"1074","Traffic Zone 02047","1330","Traffic Zone 05066","6/19/2016 - 6/19/2016, Every day, Daily Average",864,686,1088
"1074","Traffic Zone 02047","1332","Traffic Zone 11036","6/19/2016 - 6/19/2016, Every day, Daily Average",1130,800,1594
"1074","Traffic Zone 02047","1334","Traffic Zone 11014","6/19/2016 - 6/19/2016, Every day, Daily Average",743,546,1010
"1074","Traffic Zone 02047","1336","Traffic Zone 11017","6/19/2016 - 6/19/2016, Every day, Daily Average",777,572,1054
"1074","Traffic Zone 02047","1338","Traffic Zone 05072","6/19/2016 - 6/19/2016, Every day, Daily Average",1249,1086,1435
"1074","Traffic Zone 02047","1339","Traffic Zone 05082","6/19/2016 - 6/19/2016, Every day, Daily Average",948,724,1240
"1074","Traffic Zone 02047","1343","Traffic Zone 05065","6/19/2016 - 6/19/2016, Every day, Daily Average",1077,860,1347
"1074","Traffic Zone 02047","1347","Traffic Zone 11031","6/19/2016 - 6/19/2016, Every day, Daily Average",836,643,1085
"1074","Traffic Zone 02047","1349","Traffic Zone 11018","6/19/2016 - 6/19/2016, Every day, Daily Average",737,624,870
"1074","Traffic Zone 02047","1351","Traffic Zone 05090","6/19/2016 - 6/19/2016, Every day, Daily Average",1212,778,1886
"1074","Traffic Zone 02047","1353","Traffic Zone 11039","6/19/2016 - 6/19/2016, Every day, Daily Average",945,699,1276
"1074","Traffic Zone 02047","1354","Traffic Zone 11015","6/19/2016 - 6/19/2016, Every day, Daily Average",850,510,1414
"1074","Traffic Zone 02047","1357","Traffic Zone 11030","6/19/2016 - 6/19/2016, Every day, Daily Average",804,705,916
"1074","Traffic Zone 02047","1364","Traffic Zone 11019","6/19/2016 - 6/19/2016, Every day, Daily Average",938,709,1239
"1074","Traffic Zone 02047","1365","Traffic Zone 11034","6/19/2016 - 6/19/2016, Every day, Daily Average",982,742,1299
"1074","Traffic Zone 02047","1367","Traffic Zone 11040","6/19/2016 - 6/19/2016, Every day, Daily Average",1071,835,1373
"1074","Traffic Zone 02047","1370","Traffic Zone 11056","6/19/2016 - 6/19/2016, Every day, Daily Average",964,817,1137
"1074","Traffic Zone 02047","1373","Traffic Zone 05091","6/19/2016 - 6/19/2016, Every day, Daily Average",1112,662,1866
"1074","Traffic Zone 02047","1375","Traffic Zone 11054","6/19/2016 - 6/19/2016, Every day, Daily Average",915,764,1094
"1074","Traffic Zone 02047","1383","Traffic Zone 11058","6/19/2016 - 6/19/2016, Every day, Daily Average",1009,795,1280
"1074","Traffic Zone 02047","1385","Traffic Zone 05092","6/19/2016 - 6/19/2016, Every day, Daily Average",1635,935,2857
"1074","Traffic Zone 02047","1388","Traffic Zone 11035","6/19/2016 - 6/19/2016, Every day, Daily Average",1390,993,1945
"1074","Traffic Zone 02047","1395","Traffic Zone 12006","6/19/2016 - 6/19/2016, Every day, Daily Average",1488,1040,2128
"1074","Traffic Zone 02047","1396","Traffic Zone 11041","6/19/2016 - 6/19/2016, Every day, Daily Average",1142,932,1398
"1074","Traffic Zone 02047","1397","Traffic Zone 11042","6/19/2016 - 6/19/2016, Every day, Daily Average",1240,962,1597
"1074","Traffic Zone 02047","1399","Traffic Zone 05069","6/19/2016 - 6/19/2016, Every day, Daily Average",1104,1075,1133
"1074","Traffic Zone 02047","1400","Traffic Zone 10008","6/19/2016 - 6/19/2016, Every day, Daily Average",1053,898,1234
"1074","Traffic Zone 02047","1403","Traffic Zone 05070","6/19/2016 - 6/19/2016, Every day, Daily Average",1066,864,1313
"1074","Traffic Zone 02047","1405","Traffic Zone 11043","6/19/2016 - 6/19/2016, Every day, Daily Average",1382,1079,1769
"1074","Traffic Zone 02047","1408","Traffic Zone 11059","6/19/2016 - 6/19/2016, Every day, Daily Average",1137,977,1321
"1074","Traffic Zone 02047","1411","Traffic Zone 11060","6/19/2016 - 6/19/2016, Every day, Daily Average",1017,892,1159
"1074","Traffic Zone 02047","1418","Traffic Zone 11061","6/19/2016 - 6/19/2016, Every day, Daily Average",1404,1198,1644
"1074","Traffic Zone 02047","1423","Traffic Zone 10009","6/19/2016 - 6/19/2016, Every day, Daily Average",1172,991,1385
"1074","Traffic Zone 02047","1425","Traffic Zone 11044","6/19/2016 - 6/19/2016, Every day, Daily Average",1432,1249,1641
"1074","Traffic Zone 02047","1428","Traffic Zone 10040","6/19/2016 - 6/19/2016, Every day, Daily Average",1409,1186,1673
"1074","Traffic Zone 02047","1431","Traffic Zone 10011","6/19/2016 - 6/19/2016, Every day, Daily Average",1207,1075,1354
"1074","Traffic Zone 02047","1434","Traffic Zone 11048","6/19/2016 - 6/19/2016, Every day, Daily Average",1197,1068,1340
"1074","Traffic Zone 02047","1451","Traffic Zone 10058","6/19/2016 - 6/19/2016, Every day, Daily Average",1340,1162,1544
"1074","Traffic Zone 02047","1454","Traffic Zone 10059","6/19/2016 - 6/19/2016, Every day, Daily Average",1485,1282,1719
"1074","Traffic Zone 02047","1482","Traffic Zone 10062","6/19/2016 - 6/19/2016, Every day, Daily Average",1503,1286,1756