"Origin Movement ID","Origin Display Name","Destination Movement ID","Destination Display Name","Date Range","Mean Travel Time (Seconds)","Range - Lower Bound Travel Time (Seconds)","Range - Upper Bound Travel Time (Seconds)"
"1074","Traffic Zone 02047","8","Traffic Zone 14050","5/27/2019 - 5/27/2019, Every day, Daily Average",2005,1864,2155
"1074","Traffic Zone 02047","17","Traffic Zone 14047","5/27/2019 - 5/27/2019, Every day, Daily Average",1935,1760,2126
"1074","Traffic Zone 02047","18","Traffic Zone 14049","5/27/2019 - 5/27/2019, Every day, Daily Average",1867,1759,1981
"1074","Traffic Zone 02047","21","Traffic Zone 18032","5/27/2019 - 5/27/2019, Every day, Daily Average",1799,1626,1989
"1074","Traffic Zone 02047","28","Traffic Zone 16024","5/27/2019 - 5/27/2019, Every day, Daily Average",1768,1573,1986
"1074","Traffic Zone 02047","29","Traffic Zone 16025","5/27/2019 - 5/27/2019, Every day, Daily Average",1841,1676,2021
"1074","Traffic Zone 02047","34","Traffic Zone 14048","5/27/2019 - 5/27/2019, Every day, Daily Average",1822,1707,1943
"1074","Traffic Zone 02047","35","Traffic Zone 14080","5/27/2019 - 5/27/2019, Every day, Daily Average",1765,1538,2024
"1074","Traffic Zone 02047","43","Traffic Zone 14072","5/27/2019 - 5/27/2019, Every day, Daily Average",1762,1539,2016
"1074","Traffic Zone 02047","48","Traffic Zone 16027","5/27/2019 - 5/27/2019, Every day, Daily Average",1887,1582,2249
"1074","Traffic Zone 02047","59","Traffic Zone 04117","5/27/2019 - 5/27/2019, Every day, Daily Average",1756,1620,1902
"1074","Traffic Zone 02047","64","Traffic Zone 14081","5/27/2019 - 5/27/2019, Every day, Daily Average",1667,1415,1963
"1074","Traffic Zone 02047","66","Traffic Zone 14090","5/27/2019 - 5/27/2019, Every day, Daily Average",1933,1472,2537
"1074","Traffic Zone 02047","70","Traffic Zone 04118","5/27/2019 - 5/27/2019, Every day, Daily Average",1612,1501,1731
"1074","Traffic Zone 02047","74","Traffic Zone 04116","5/27/2019 - 5/27/2019, Every day, Daily Average",1562,1409,1731
"1074","Traffic Zone 02047","80","Traffic Zone 14073","5/27/2019 - 5/27/2019, Every day, Daily Average",1642,1437,1876
"1074","Traffic Zone 02047","81","Traffic Zone 04137","5/27/2019 - 5/27/2019, Every day, Daily Average",1758,1690,1828
"1074","Traffic Zone 02047","83","Traffic Zone 04134","5/27/2019 - 5/27/2019, Every day, Daily Average",1598,1409,1811
"1074","Traffic Zone 02047","87","Traffic Zone 04122","5/27/2019 - 5/27/2019, Every day, Daily Average",1938,1717,2186
"1074","Traffic Zone 02047","89","Traffic Zone 04119","5/27/2019 - 5/27/2019, Every day, Daily Average",1737,1585,1902
"1074","Traffic Zone 02047","92","Traffic Zone 04133","5/27/2019 - 5/27/2019, Every day, Daily Average",1587,1386,1816
"1074","Traffic Zone 02047","96","Traffic Zone 14076","5/27/2019 - 5/27/2019, Every day, Daily Average",1593,1388,1827
"1074","Traffic Zone 02047","97","Traffic Zone 04150","5/27/2019 - 5/27/2019, Every day, Daily Average",1524,1348,1722
"1074","Traffic Zone 02047","98","Traffic Zone 04132","5/27/2019 - 5/27/2019, Every day, Daily Average",1504,1344,1682
"1074","Traffic Zone 02047","107","Traffic Zone 08026","5/27/2019 - 5/27/2019, Every day, Daily Average",1821,1671,1983
"1074","Traffic Zone 02047","110","Traffic Zone 04123","5/27/2019 - 5/27/2019, Every day, Daily Average",1742,1578,1922
"1074","Traffic Zone 02047","111","Traffic Zone 07005","5/27/2019 - 5/27/2019, Every day, Daily Average",1801,1410,2299
"1074","Traffic Zone 02047","113","Traffic Zone 04131","5/27/2019 - 5/27/2019, Every day, Daily Average",1446,1300,1608
"1074","Traffic Zone 02047","117","Traffic Zone 07041","5/27/2019 - 5/27/2019, Every day, Daily Average",1597,1303,1956
"1074","Traffic Zone 02047","118","Traffic Zone 04056","5/27/2019 - 5/27/2019, Every day, Daily Average",1590,1516,1666
"1074","Traffic Zone 02047","119","Traffic Zone 07042","5/27/2019 - 5/27/2019, Every day, Daily Average",1611,1459,1778
"1074","Traffic Zone 02047","120","Traffic Zone 07060","5/27/2019 - 5/27/2019, Every day, Daily Average",1569,1348,1825
"1074","Traffic Zone 02047","123","Traffic Zone 04149","5/27/2019 - 5/27/2019, Every day, Daily Average",1498,1340,1673
"1074","Traffic Zone 02047","125","Traffic Zone 07081","5/27/2019 - 5/27/2019, Every day, Daily Average",1942,1768,2132
"1074","Traffic Zone 02047","127","Traffic Zone 07083","5/27/2019 - 5/27/2019, Every day, Daily Average",2050,1822,2306
"1074","Traffic Zone 02047","128","Traffic Zone 04141","5/27/2019 - 5/27/2019, Every day, Daily Average",1702,1638,1768
"1074","Traffic Zone 02047","129","Traffic Zone 04124","5/27/2019 - 5/27/2019, Every day, Daily Average",1621,1468,1789
"1074","Traffic Zone 02047","130","Traffic Zone 04148","5/27/2019 - 5/27/2019, Every day, Daily Average",1414,1243,1608
"1074","Traffic Zone 02047","131","Traffic Zone 07061","5/27/2019 - 5/27/2019, Every day, Daily Average",1533,1315,1786
"1074","Traffic Zone 02047","132","Traffic Zone 04152","5/27/2019 - 5/27/2019, Every day, Daily Average",2008,1855,2173
"1074","Traffic Zone 02047","134","Traffic Zone 04147","5/27/2019 - 5/27/2019, Every day, Daily Average",1444,1264,1648
"1074","Traffic Zone 02047","137","Traffic Zone 04129","5/27/2019 - 5/27/2019, Every day, Daily Average",1350,1146,1590
"1074","Traffic Zone 02047","138","Traffic Zone 04153","5/27/2019 - 5/27/2019, Every day, Daily Average",2063,1931,2203
"1074","Traffic Zone 02047","139","Traffic Zone 08027","5/27/2019 - 5/27/2019, Every day, Daily Average",1705,1582,1836
"1074","Traffic Zone 02047","141","Traffic Zone 07032","5/27/2019 - 5/27/2019, Every day, Daily Average",1654,1313,2082
"1074","Traffic Zone 02047","143","Traffic Zone 07033","5/27/2019 - 5/27/2019, Every day, Daily Average",1687,1584,1795
"1074","Traffic Zone 02047","144","Traffic Zone 04143","5/27/2019 - 5/27/2019, Every day, Daily Average",1713,1588,1847
"1074","Traffic Zone 02047","151","Traffic Zone 08030","5/27/2019 - 5/27/2019, Every day, Daily Average",1981,1826,2148
"1074","Traffic Zone 02047","152","Traffic Zone 04142","5/27/2019 - 5/27/2019, Every day, Daily Average",1593,1510,1680
"1074","Traffic Zone 02047","153","Traffic Zone 07043","5/27/2019 - 5/27/2019, Every day, Daily Average",1458,1247,1704
"1074","Traffic Zone 02047","154","Traffic Zone 04059","5/27/2019 - 5/27/2019, Every day, Daily Average",1562,1406,1734
"1074","Traffic Zone 02047","155","Traffic Zone 04128","5/27/2019 - 5/27/2019, Every day, Daily Average",1294,1096,1526
"1074","Traffic Zone 02047","156","Traffic Zone 04146","5/27/2019 - 5/27/2019, Every day, Daily Average",1406,1222,1617
"1074","Traffic Zone 02047","157","Traffic Zone 07040","5/27/2019 - 5/27/2019, Every day, Daily Average",1543,1254,1897
"1074","Traffic Zone 02047","159","Traffic Zone 07077","5/27/2019 - 5/27/2019, Every day, Daily Average",1915,1710,2143
"1074","Traffic Zone 02047","160","Traffic Zone 08032","5/27/2019 - 5/27/2019, Every day, Daily Average",1810,1697,1930
"1074","Traffic Zone 02047","161","Traffic Zone 07067","5/27/2019 - 5/27/2019, Every day, Daily Average",1499,1285,1747
"1074","Traffic Zone 02047","162","Traffic Zone 07068","5/27/2019 - 5/27/2019, Every day, Daily Average",1481,1277,1716
"1074","Traffic Zone 02047","163","Traffic Zone 04154","5/27/2019 - 5/27/2019, Every day, Daily Average",2243,2095,2400
"1074","Traffic Zone 02047","164","Traffic Zone 08028","5/27/2019 - 5/27/2019, Every day, Daily Average",1641,1521,1769
"1074","Traffic Zone 02047","166","Traffic Zone 04060","5/27/2019 - 5/27/2019, Every day, Daily Average",1449,1324,1585
"1074","Traffic Zone 02047","167","Traffic Zone 04158","5/27/2019 - 5/27/2019, Every day, Daily Average",1917,1813,2026
"1074","Traffic Zone 02047","169","Traffic Zone 04130","5/27/2019 - 5/27/2019, Every day, Daily Average",1345,1145,1578
"1074","Traffic Zone 02047","171","Traffic Zone 07034","5/27/2019 - 5/27/2019, Every day, Daily Average",1515,1226,1870
"1074","Traffic Zone 02047","173","Traffic Zone 07012","5/27/2019 - 5/27/2019, Every day, Daily Average",1410,1230,1616
"1074","Traffic Zone 02047","176","Traffic Zone 07039","5/27/2019 - 5/27/2019, Every day, Daily Average",1677,1483,1896
"1074","Traffic Zone 02047","178","Traffic Zone 07022","5/27/2019 - 5/27/2019, Every day, Daily Average",1475,1197,1817
"1074","Traffic Zone 02047","180","Traffic Zone 04156","5/27/2019 - 5/27/2019, Every day, Daily Average",1987,1857,2125
"1074","Traffic Zone 02047","184","Traffic Zone 04161","5/27/2019 - 5/27/2019, Every day, Daily Average",1819,1694,1952
"1074","Traffic Zone 02047","185","Traffic Zone 04073","5/27/2019 - 5/27/2019, Every day, Daily Average",1444,1379,1511
"1074","Traffic Zone 02047","186","Traffic Zone 07014","5/27/2019 - 5/27/2019, Every day, Daily Average",1416,1193,1679
"1074","Traffic Zone 02047","187","Traffic Zone 04071","5/27/2019 - 5/27/2019, Every day, Daily Average",1695,1601,1794
"1074","Traffic Zone 02047","189","Traffic Zone 04159","5/27/2019 - 5/27/2019, Every day, Daily Average",1777,1654,1908
"1074","Traffic Zone 02047","192","Traffic Zone 04061","5/27/2019 - 5/27/2019, Every day, Daily Average",1243,1059,1458
"1074","Traffic Zone 02047","193","Traffic Zone 04081","5/27/2019 - 5/27/2019, Every day, Daily Average",1752,1447,2120
"1074","Traffic Zone 02047","195","Traffic Zone 04078","5/27/2019 - 5/27/2019, Every day, Daily Average",1268,1073,1497
"1074","Traffic Zone 02047","197","Traffic Zone 04080","5/27/2019 - 5/27/2019, Every day, Daily Average",1624,1361,1936
"1074","Traffic Zone 02047","199","Traffic Zone 08033","5/27/2019 - 5/27/2019, Every day, Daily Average",1700,1578,1831
"1074","Traffic Zone 02047","204","Traffic Zone 07013","5/27/2019 - 5/27/2019, Every day, Daily Average",1367,1152,1621
"1074","Traffic Zone 02047","205","Traffic Zone 07020","5/27/2019 - 5/27/2019, Every day, Daily Average",1397,1181,1652
"1074","Traffic Zone 02047","206","Traffic Zone 07084","5/27/2019 - 5/27/2019, Every day, Daily Average",1726,1565,1902
"1074","Traffic Zone 02047","208","Traffic Zone 07066","5/27/2019 - 5/27/2019, Every day, Daily Average",1478,1323,1650
"1074","Traffic Zone 02047","210","Traffic Zone 04062","5/27/2019 - 5/27/2019, Every day, Daily Average",1404,1244,1584
"1074","Traffic Zone 02047","215","Traffic Zone 07011","5/27/2019 - 5/27/2019, Every day, Daily Average",1435,1169,1760
"1074","Traffic Zone 02047","218","Traffic Zone 08045","5/27/2019 - 5/27/2019, Every day, Daily Average",1731,1462,2048
"1074","Traffic Zone 02047","223","Traffic Zone 07072","5/27/2019 - 5/27/2019, Every day, Daily Average",1733,1553,1933
"1074","Traffic Zone 02047","224","Traffic Zone 08163","5/27/2019 - 5/27/2019, Every day, Daily Average",1536,1428,1652
"1074","Traffic Zone 02047","226","Traffic Zone 07021","5/27/2019 - 5/27/2019, Every day, Daily Average",1377,1160,1634
"1074","Traffic Zone 02047","227","Traffic Zone 04065","5/27/2019 - 5/27/2019, Every day, Daily Average",1689,1501,1899
"1074","Traffic Zone 02047","229","Traffic Zone 04063","5/27/2019 - 5/27/2019, Every day, Daily Average",1203,1022,1415
"1074","Traffic Zone 02047","230","Traffic Zone 04068","5/27/2019 - 5/27/2019, Every day, Daily Average",1539,1378,1718
"1074","Traffic Zone 02047","233","Traffic Zone 04160","5/27/2019 - 5/27/2019, Every day, Daily Average",1671,1540,1812
"1074","Traffic Zone 02047","235","Traffic Zone 07048","5/27/2019 - 5/27/2019, Every day, Daily Average",1852,1710,2005
"1074","Traffic Zone 02047","236","Traffic Zone 08039","5/27/2019 - 5/27/2019, Every day, Daily Average",1891,1756,2036
"1074","Traffic Zone 02047","237","Traffic Zone 04079","5/27/2019 - 5/27/2019, Every day, Daily Average",1438,1220,1694
"1074","Traffic Zone 02047","239","Traffic Zone 07019","5/27/2019 - 5/27/2019, Every day, Daily Average",1355,1120,1638
"1074","Traffic Zone 02047","240","Traffic Zone 08035","5/27/2019 - 5/27/2019, Every day, Daily Average",1948,1829,2073
"1074","Traffic Zone 02047","242","Traffic Zone 04088","5/27/2019 - 5/27/2019, Every day, Daily Average",2020,1777,2295
"1074","Traffic Zone 02047","244","Traffic Zone 07017","5/27/2019 - 5/27/2019, Every day, Daily Average",1257,390,4049
"1074","Traffic Zone 02047","246","Traffic Zone 04076","5/27/2019 - 5/27/2019, Every day, Daily Average",1324,1102,1589
"1074","Traffic Zone 02047","247","Traffic Zone 07128","5/27/2019 - 5/27/2019, Every day, Daily Average",1370,1200,1562
"1074","Traffic Zone 02047","251","Traffic Zone 07127","5/27/2019 - 5/27/2019, Every day, Daily Average",1291,1159,1437
"1074","Traffic Zone 02047","252","Traffic Zone 04064","5/27/2019 - 5/27/2019, Every day, Daily Average",1182,1000,1396
"1074","Traffic Zone 02047","254","Traffic Zone 04166","5/27/2019 - 5/27/2019, Every day, Daily Average",1680,1560,1808
"1074","Traffic Zone 02047","255","Traffic Zone 07088","5/27/2019 - 5/27/2019, Every day, Daily Average",1500,1337,1682
"1074","Traffic Zone 02047","256","Traffic Zone 08041","5/27/2019 - 5/27/2019, Every day, Daily Average",1768,1611,1939
"1074","Traffic Zone 02047","258","Traffic Zone 07093","5/27/2019 - 5/27/2019, Every day, Daily Average",1571,1446,1706
"1074","Traffic Zone 02047","259","Traffic Zone 07055","5/27/2019 - 5/27/2019, Every day, Daily Average",1684,1556,1822
"1074","Traffic Zone 02047","260","Traffic Zone 04067","5/27/2019 - 5/27/2019, Every day, Daily Average",1395,1238,1571
"1074","Traffic Zone 02047","262","Traffic Zone 07146","5/27/2019 - 5/27/2019, Every day, Daily Average",1315,1096,1577
"1074","Traffic Zone 02047","263","Traffic Zone 07147","5/27/2019 - 5/27/2019, Every day, Daily Average",1299,1104,1528
"1074","Traffic Zone 02047","264","Traffic Zone 07134","5/27/2019 - 5/27/2019, Every day, Daily Average",1439,1300,1592
"1074","Traffic Zone 02047","267","Traffic Zone 07090","5/27/2019 - 5/27/2019, Every day, Daily Average",1498,1346,1667
"1074","Traffic Zone 02047","268","Traffic Zone 04077","5/27/2019 - 5/27/2019, Every day, Daily Average",1345,1246,1450
"1074","Traffic Zone 02047","269","Traffic Zone 04083","5/27/2019 - 5/27/2019, Every day, Daily Average",1456,1367,1550
"1074","Traffic Zone 02047","271","Traffic Zone 04165","5/27/2019 - 5/27/2019, Every day, Daily Average",1599,1483,1723
"1074","Traffic Zone 02047","273","Traffic Zone 04028","5/27/2019 - 5/27/2019, Every day, Daily Average",1129,961,1326
"1074","Traffic Zone 02047","274","Traffic Zone 07141","5/27/2019 - 5/27/2019, Every day, Daily Average",1286,1061,1558
"1074","Traffic Zone 02047","275","Traffic Zone 04006","5/27/2019 - 5/27/2019, Every day, Daily Average",1081,917,1273
"1074","Traffic Zone 02047","277","Traffic Zone 08048","5/27/2019 - 5/27/2019, Every day, Daily Average",1781,1559,2034
"1074","Traffic Zone 02047","279","Traffic Zone 08050","5/27/2019 - 5/27/2019, Every day, Daily Average",1850,1616,2117
"1074","Traffic Zone 02047","281","Traffic Zone 08049","5/27/2019 - 5/27/2019, Every day, Daily Average",1910,1619,2252
"1074","Traffic Zone 02047","282","Traffic Zone 08044","5/27/2019 - 5/27/2019, Every day, Daily Average",1472,1340,1616
"1074","Traffic Zone 02047","287","Traffic Zone 04050","5/27/2019 - 5/27/2019, Every day, Daily Average",1275,1136,1430
"1074","Traffic Zone 02047","288","Traffic Zone 08076","5/27/2019 - 5/27/2019, Every day, Daily Average",1464,1355,1581
"1074","Traffic Zone 02047","289","Traffic Zone 07089","5/27/2019 - 5/27/2019, Every day, Daily Average",1452,1396,1509
"1074","Traffic Zone 02047","295","Traffic Zone 08170","5/27/2019 - 5/27/2019, Every day, Daily Average",1480,1359,1610
"1074","Traffic Zone 02047","296","Traffic Zone 08074","5/27/2019 - 5/27/2019, Every day, Daily Average",1585,1340,1874
"1074","Traffic Zone 02047","297","Traffic Zone 04075","5/27/2019 - 5/27/2019, Every day, Daily Average",1635,1376,1942
"1074","Traffic Zone 02047","298","Traffic Zone 04085","5/27/2019 - 5/27/2019, Every day, Daily Average",1697,1390,2071
"1074","Traffic Zone 02047","299","Traffic Zone 08178","5/27/2019 - 5/27/2019, Every day, Daily Average",1821,1750,1894
"1074","Traffic Zone 02047","300","Traffic Zone 07046","5/27/2019 - 5/27/2019, Every day, Daily Average",1841,1727,1962
"1074","Traffic Zone 02047","301","Traffic Zone 08043","5/27/2019 - 5/27/2019, Every day, Daily Average",1431,1047,1954
"1074","Traffic Zone 02047","302","Traffic Zone 07056","5/27/2019 - 5/27/2019, Every day, Daily Average",1479,1379,1586
"1074","Traffic Zone 02047","303","Traffic Zone 07129","5/27/2019 - 5/27/2019, Every day, Daily Average",1162,1007,1340
"1074","Traffic Zone 02047","306","Traffic Zone 04029","5/27/2019 - 5/27/2019, Every day, Daily Average",1172,1088,1262
"1074","Traffic Zone 02047","308","Traffic Zone 07094","5/27/2019 - 5/27/2019, Every day, Daily Average",1448,1338,1566
"1074","Traffic Zone 02047","309","Traffic Zone 08171","5/27/2019 - 5/27/2019, Every day, Daily Average",1557,1414,1713
"1074","Traffic Zone 02047","310","Traffic Zone 07142","5/27/2019 - 5/27/2019, Every day, Daily Average",1362,1263,1467
"1074","Traffic Zone 02047","313","Traffic Zone 07053","5/27/2019 - 5/27/2019, Every day, Daily Average",1810,1674,1956
"1074","Traffic Zone 02047","315","Traffic Zone 07130","5/27/2019 - 5/27/2019, Every day, Daily Average",1229,1022,1476
"1074","Traffic Zone 02047","316","Traffic Zone 08083","5/27/2019 - 5/27/2019, Every day, Daily Average",1690,1460,1956
"1074","Traffic Zone 02047","317","Traffic Zone 08169","5/27/2019 - 5/27/2019, Every day, Daily Average",1412,1291,1543
"1074","Traffic Zone 02047","320","Traffic Zone 04007","5/27/2019 - 5/27/2019, Every day, Daily Average",1181,1048,1330
"1074","Traffic Zone 02047","321","Traffic Zone 07132","5/27/2019 - 5/27/2019, Every day, Daily Average",1144,955,1369
"1074","Traffic Zone 02047","322","Traffic Zone 07135","5/27/2019 - 5/27/2019, Every day, Daily Average",1186,1106,1270
"1074","Traffic Zone 02047","323","Traffic Zone 08079","5/27/2019 - 5/27/2019, Every day, Daily Average",1566,1354,1811
"1074","Traffic Zone 02047","327","Traffic Zone 07092","5/27/2019 - 5/27/2019, Every day, Daily Average",1348,1275,1424
"1074","Traffic Zone 02047","330","Traffic Zone 08190","5/27/2019 - 5/27/2019, Every day, Daily Average",1914,1715,2134
"1074","Traffic Zone 02047","331","Traffic Zone 07145","5/27/2019 - 5/27/2019, Every day, Daily Average",1457,1360,1560
"1074","Traffic Zone 02047","332","Traffic Zone 08084","5/27/2019 - 5/27/2019, Every day, Daily Average",1663,1425,1939
"1074","Traffic Zone 02047","333","Traffic Zone 04051","5/27/2019 - 5/27/2019, Every day, Daily Average",1295,1240,1352
"1074","Traffic Zone 02047","335","Traffic Zone 07091","5/27/2019 - 5/27/2019, Every day, Daily Average",1263,1173,1359
"1074","Traffic Zone 02047","337","Traffic Zone 07143","5/27/2019 - 5/27/2019, Every day, Daily Average",1293,1168,1430
"1074","Traffic Zone 02047","338","Traffic Zone 04031","5/27/2019 - 5/27/2019, Every day, Daily Average",1065,902,1256
"1074","Traffic Zone 02047","339","Traffic Zone 04030","5/27/2019 - 5/27/2019, Every day, Daily Average",1058,879,1272
"1074","Traffic Zone 02047","341","Traffic Zone 08189","5/27/2019 - 5/27/2019, Every day, Daily Average",1839,1677,2015
"1074","Traffic Zone 02047","342","Traffic Zone 07058","5/27/2019 - 5/27/2019, Every day, Daily Average",1562,1454,1677
"1074","Traffic Zone 02047","343","Traffic Zone 07133","5/27/2019 - 5/27/2019, Every day, Daily Average",1575,1197,2070
"1074","Traffic Zone 02047","345","Traffic Zone 04012","5/27/2019 - 5/27/2019, Every day, Daily Average",1603,1319,1947
"1074","Traffic Zone 02047","347","Traffic Zone 08184","5/27/2019 - 5/27/2019, Every day, Daily Average",1756,1585,1945
"1074","Traffic Zone 02047","348","Traffic Zone 07115","5/27/2019 - 5/27/2019, Every day, Daily Average",1231,1156,1310
"1074","Traffic Zone 02047","350","Traffic Zone 04008","5/27/2019 - 5/27/2019, Every day, Daily Average",1377,1312,1444
"1074","Traffic Zone 02047","351","Traffic Zone 08054","5/27/2019 - 5/27/2019, Every day, Daily Average",1347,1198,1513
"1074","Traffic Zone 02047","355","Traffic Zone 07096","5/27/2019 - 5/27/2019, Every day, Daily Average",1204,1105,1310
"1074","Traffic Zone 02047","356","Traffic Zone 08075","5/27/2019 - 5/27/2019, Every day, Daily Average",1372,1273,1477
"1074","Traffic Zone 02047","357","Traffic Zone 08167","5/27/2019 - 5/27/2019, Every day, Daily Average",1393,1247,1555
"1074","Traffic Zone 02047","358","Traffic Zone 08168","5/27/2019 - 5/27/2019, Every day, Daily Average",1510,1348,1691
"1074","Traffic Zone 02047","360","Traffic Zone 08172","5/27/2019 - 5/27/2019, Every day, Daily Average",1535,1479,1593
"1074","Traffic Zone 02047","362","Traffic Zone 07138","5/27/2019 - 5/27/2019, Every day, Daily Average",1114,1037,1196
"1074","Traffic Zone 02047","363","Traffic Zone 07148","5/27/2019 - 5/27/2019, Every day, Daily Average",1328,1204,1464
"1074","Traffic Zone 02047","366","Traffic Zone 07136","5/27/2019 - 5/27/2019, Every day, Daily Average",1101,914,1325
"1074","Traffic Zone 02047","368","Traffic Zone 08081","5/27/2019 - 5/27/2019, Every day, Daily Average",1539,1302,1818
"1074","Traffic Zone 02047","369","Traffic Zone 04011","5/27/2019 - 5/27/2019, Every day, Daily Average",1459,1286,1654
"1074","Traffic Zone 02047","370","Traffic Zone 08173","5/27/2019 - 5/27/2019, Every day, Daily Average",1642,1349,1997
"1074","Traffic Zone 02047","372","Traffic Zone 04016","5/27/2019 - 5/27/2019, Every day, Daily Average",989,829,1179
"1074","Traffic Zone 02047","375","Traffic Zone 06030","5/27/2019 - 5/27/2019, Every day, Daily Average",1271,1039,1553
"1074","Traffic Zone 02047","376","Traffic Zone 04052","5/27/2019 - 5/27/2019, Every day, Daily Average",1217,1145,1292
"1074","Traffic Zone 02047","377","Traffic Zone 08086","5/27/2019 - 5/27/2019, Every day, Daily Average",1474,1240,1751
"1074","Traffic Zone 02047","378","Traffic Zone 08087","5/27/2019 - 5/27/2019, Every day, Daily Average",1276,1169,1391
"1074","Traffic Zone 02047","379","Traffic Zone 08080","5/27/2019 - 5/27/2019, Every day, Daily Average",1514,1299,1763
"1074","Traffic Zone 02047","380","Traffic Zone 06029","5/27/2019 - 5/27/2019, Every day, Daily Average",1191,931,1522
"1074","Traffic Zone 02047","381","Traffic Zone 08088","5/27/2019 - 5/27/2019, Every day, Daily Average",1316,1175,1473
"1074","Traffic Zone 02047","384","Traffic Zone 08176","5/27/2019 - 5/27/2019, Every day, Daily Average",1646,1498,1808
"1074","Traffic Zone 02047","389","Traffic Zone 08155","5/27/2019 - 5/27/2019, Every day, Daily Average",1765,1483,2099
"1074","Traffic Zone 02047","391","Traffic Zone 07073","5/27/2019 - 5/27/2019, Every day, Daily Average",1150,1059,1248
"1074","Traffic Zone 02047","392","Traffic Zone 08061","5/27/2019 - 5/27/2019, Every day, Daily Average",1330,1157,1527
"1074","Traffic Zone 02047","394","Traffic Zone 07140","5/27/2019 - 5/27/2019, Every day, Daily Average",1055,878,1266
"1074","Traffic Zone 02047","395","Traffic Zone 08101","5/27/2019 - 5/27/2019, Every day, Daily Average",1447,1201,1743
"1074","Traffic Zone 02047","396","Traffic Zone 08203","5/27/2019 - 5/27/2019, Every day, Daily Average",1361,1211,1529
"1074","Traffic Zone 02047","398","Traffic Zone 08204","5/27/2019 - 5/27/2019, Every day, Daily Average",1430,1244,1643
"1074","Traffic Zone 02047","399","Traffic Zone 08205","5/27/2019 - 5/27/2019, Every day, Daily Average",1491,1283,1732
"1074","Traffic Zone 02047","401","Traffic Zone 07139","5/27/2019 - 5/27/2019, Every day, Daily Average",1300,1008,1676
"1074","Traffic Zone 02047","405","Traffic Zone 08148","5/27/2019 - 5/27/2019, Every day, Daily Average",1547,1336,1790
"1074","Traffic Zone 02047","406","Traffic Zone 08154","5/27/2019 - 5/27/2019, Every day, Daily Average",1675,1431,1960
"1074","Traffic Zone 02047","407","Traffic Zone 08102","5/27/2019 - 5/27/2019, Every day, Daily Average",1203,1047,1381
"1074","Traffic Zone 02047","409","Traffic Zone 08090","5/27/2019 - 5/27/2019, Every day, Daily Average",1428,1218,1673
"1074","Traffic Zone 02047","410","Traffic Zone 07113","5/27/2019 - 5/27/2019, Every day, Daily Average",1037,966,1112
"1074","Traffic Zone 02047","411","Traffic Zone 08149","5/27/2019 - 5/27/2019, Every day, Daily Average",1612,1398,1858
"1074","Traffic Zone 02047","412","Traffic Zone 07150","5/27/2019 - 5/27/2019, Every day, Daily Average",1211,1084,1352
"1074","Traffic Zone 02047","413","Traffic Zone 08156","5/27/2019 - 5/27/2019, Every day, Daily Average",2058,1632,2594
"1074","Traffic Zone 02047","415","Traffic Zone 08199","5/27/2019 - 5/27/2019, Every day, Daily Average",1297,1151,1460
"1074","Traffic Zone 02047","416","Traffic Zone 06026","5/27/2019 - 5/27/2019, Every day, Daily Average",1278,1158,1409
"1074","Traffic Zone 02047","417","Traffic Zone 07144","5/27/2019 - 5/27/2019, Every day, Daily Average",1561,1423,1711
"1074","Traffic Zone 02047","418","Traffic Zone 08218","5/27/2019 - 5/27/2019, Every day, Daily Average",1854,1661,2068
"1074","Traffic Zone 02047","420","Traffic Zone 04017","5/27/2019 - 5/27/2019, Every day, Daily Average",1020,852,1220
"1074","Traffic Zone 02047","421","Traffic Zone 08058","5/27/2019 - 5/27/2019, Every day, Daily Average",1555,1229,1966
"1074","Traffic Zone 02047","424","Traffic Zone 08100","5/27/2019 - 5/27/2019, Every day, Daily Average",1195,1015,1406
"1074","Traffic Zone 02047","429","Traffic Zone 04014","5/27/2019 - 5/27/2019, Every day, Daily Average",969,799,1174
"1074","Traffic Zone 02047","434","Traffic Zone 04053","5/27/2019 - 5/27/2019, Every day, Daily Average",1103,1024,1187
"1074","Traffic Zone 02047","437","Traffic Zone 08152","5/27/2019 - 5/27/2019, Every day, Daily Average",1834,1486,2262
"1074","Traffic Zone 02047","439","Traffic Zone 08202","5/27/2019 - 5/27/2019, Every day, Daily Average",1571,1498,1647
"1074","Traffic Zone 02047","440","Traffic Zone 07117","5/27/2019 - 5/27/2019, Every day, Daily Average",1079,994,1170
"1074","Traffic Zone 02047","441","Traffic Zone 08151","5/27/2019 - 5/27/2019, Every day, Daily Average",1754,1550,1984
"1074","Traffic Zone 02047","442","Traffic Zone 08207","5/27/2019 - 5/27/2019, Every day, Daily Average",1261,1073,1481
"1074","Traffic Zone 02047","446","Traffic Zone 07157","5/27/2019 - 5/27/2019, Every day, Daily Average",1441,1328,1563
"1074","Traffic Zone 02047","449","Traffic Zone 07124","5/27/2019 - 5/27/2019, Every day, Daily Average",986,834,1165
"1074","Traffic Zone 02047","453","Traffic Zone 07119","5/27/2019 - 5/27/2019, Every day, Daily Average",993,926,1064
"1074","Traffic Zone 02047","454","Traffic Zone 34004","5/27/2019 - 5/27/2019, Every day, Daily Average",926,764,1121
"1074","Traffic Zone 02047","456","Traffic Zone 08103","5/27/2019 - 5/27/2019, Every day, Daily Average",1233,1093,1390
"1074","Traffic Zone 02047","457","Traffic Zone 07153","5/27/2019 - 5/27/2019, Every day, Daily Average",1206,1048,1387
"1074","Traffic Zone 02047","458","Traffic Zone 07121","5/27/2019 - 5/27/2019, Every day, Daily Average",1269,696,2312
"1074","Traffic Zone 02047","462","Traffic Zone 06024","5/27/2019 - 5/27/2019, Every day, Daily Average",1294,1030,1624
"1074","Traffic Zone 02047","463","Traffic Zone 07074","5/27/2019 - 5/27/2019, Every day, Daily Average",1314,1189,1451
"1074","Traffic Zone 02047","464","Traffic Zone 08206","5/27/2019 - 5/27/2019, Every day, Daily Average",1244,1086,1424
"1074","Traffic Zone 02047","465","Traffic Zone 08067","5/27/2019 - 5/27/2019, Every day, Daily Average",1208,1074,1358
"1074","Traffic Zone 02047","466","Traffic Zone 04015","5/27/2019 - 5/27/2019, Every day, Daily Average",942,781,1134
"1074","Traffic Zone 02047","468","Traffic Zone 04032","5/27/2019 - 5/27/2019, Every day, Daily Average",1259,1113,1423
"1074","Traffic Zone 02047","470","Traffic Zone 07152","5/27/2019 - 5/27/2019, Every day, Daily Average",1272,1113,1452
"1074","Traffic Zone 02047","471","Traffic Zone 04036","5/27/2019 - 5/27/2019, Every day, Daily Average",1044,937,1162
"1074","Traffic Zone 02047","472","Traffic Zone 08062","5/27/2019 - 5/27/2019, Every day, Daily Average",1169,1015,1345
"1074","Traffic Zone 02047","473","Traffic Zone 04013","5/27/2019 - 5/27/2019, Every day, Daily Average",1091,881,1350
"1074","Traffic Zone 02047","474","Traffic Zone 08208","5/27/2019 - 5/27/2019, Every day, Daily Average",1367,1295,1442
"1074","Traffic Zone 02047","475","Traffic Zone 07158","5/27/2019 - 5/27/2019, Every day, Daily Average",1371,1206,1557
"1074","Traffic Zone 02047","476","Traffic Zone 06016","5/27/2019 - 5/27/2019, Every day, Daily Average",1162,920,1466
"1074","Traffic Zone 02047","479","Traffic Zone 07122","5/27/2019 - 5/27/2019, Every day, Daily Average",929,779,1107
"1074","Traffic Zone 02047","480","Traffic Zone 07118","5/27/2019 - 5/27/2019, Every day, Daily Average",994,907,1088
"1074","Traffic Zone 02047","481","Traffic Zone 08130","5/27/2019 - 5/27/2019, Every day, Daily Average",1202,1050,1375
"1074","Traffic Zone 02047","485","Traffic Zone 04033","5/27/2019 - 5/27/2019, Every day, Daily Average",1175,1049,1315
"1074","Traffic Zone 02047","486","Traffic Zone 08068","5/27/2019 - 5/27/2019, Every day, Daily Average",1268,1108,1450
"1074","Traffic Zone 02047","487","Traffic Zone 07154","5/27/2019 - 5/27/2019, Every day, Daily Average",1065,905,1252
"1074","Traffic Zone 02047","488","Traffic Zone 08212","5/27/2019 - 5/27/2019, Every day, Daily Average",1528,1445,1614
"1074","Traffic Zone 02047","489","Traffic Zone 08129","5/27/2019 - 5/27/2019, Every day, Daily Average",1196,1120,1276
"1074","Traffic Zone 02047","491","Traffic Zone 08210","5/27/2019 - 5/27/2019, Every day, Daily Average",1345,1265,1429
"1074","Traffic Zone 02047","492","Traffic Zone 08211","5/27/2019 - 5/27/2019, Every day, Daily Average",1423,1339,1511
"1074","Traffic Zone 02047","494","Traffic Zone 06037","5/27/2019 - 5/27/2019, Every day, Daily Average",1080,930,1253
"1074","Traffic Zone 02047","495","Traffic Zone 07120","5/27/2019 - 5/27/2019, Every day, Daily Average",1062,789,1427
"1074","Traffic Zone 02047","497","Traffic Zone 07076","5/27/2019 - 5/27/2019, Every day, Daily Average",959,781,1177
"1074","Traffic Zone 02047","500","Traffic Zone 06027","5/27/2019 - 5/27/2019, Every day, Daily Average",1105,947,1289
"1074","Traffic Zone 02047","501","Traffic Zone 08063","5/27/2019 - 5/27/2019, Every day, Daily Average",1124,992,1272
"1074","Traffic Zone 02047","502","Traffic Zone 06018","5/27/2019 - 5/27/2019, Every day, Daily Average",1115,806,1541
"1074","Traffic Zone 02047","503","Traffic Zone 08195","5/27/2019 - 5/27/2019, Every day, Daily Average",1765,1712,1818
"1074","Traffic Zone 02047","504","Traffic Zone 08194","5/27/2019 - 5/27/2019, Every day, Daily Average",1878,1732,2035
"1074","Traffic Zone 02047","505","Traffic Zone 08128","5/27/2019 - 5/27/2019, Every day, Daily Average",1494,1312,1701
"1074","Traffic Zone 02047","506","Traffic Zone 04021","5/27/2019 - 5/27/2019, Every day, Daily Average",1049,832,1321
"1074","Traffic Zone 02047","507","Traffic Zone 07163","5/27/2019 - 5/27/2019, Every day, Daily Average",1131,960,1331
"1074","Traffic Zone 02047","508","Traffic Zone 08098","5/27/2019 - 5/27/2019, Every day, Daily Average",1126,930,1362
"1074","Traffic Zone 02047","512","Traffic Zone 06028","5/27/2019 - 5/27/2019, Every day, Daily Average",1101,930,1303
"1074","Traffic Zone 02047","513","Traffic Zone 07123","5/27/2019 - 5/27/2019, Every day, Daily Average",887,737,1066
"1074","Traffic Zone 02047","514","Traffic Zone 06019","5/27/2019 - 5/27/2019, Every day, Daily Average",1009,835,1219
"1074","Traffic Zone 02047","515","Traffic Zone 08131","5/27/2019 - 5/27/2019, Every day, Daily Average",1165,1011,1342
"1074","Traffic Zone 02047","516","Traffic Zone 34003","5/27/2019 - 5/27/2019, Every day, Daily Average",895,735,1088
"1074","Traffic Zone 02047","517","Traffic Zone 04019","5/27/2019 - 5/27/2019, Every day, Daily Average",972,797,1184
"1074","Traffic Zone 02047","520","Traffic Zone 04038","5/27/2019 - 5/27/2019, Every day, Daily Average",1051,926,1191
"1074","Traffic Zone 02047","529","Traffic Zone 06017","5/27/2019 - 5/27/2019, Every day, Daily Average",964,777,1195
"1074","Traffic Zone 02047","530","Traffic Zone 04034","5/27/2019 - 5/27/2019, Every day, Daily Average",1028,907,1164
"1074","Traffic Zone 02047","531","Traffic Zone 34002","5/27/2019 - 5/27/2019, Every day, Daily Average",870,708,1067
"1074","Traffic Zone 02047","532","Traffic Zone 06039","5/27/2019 - 5/27/2019, Every day, Daily Average",1035,876,1222
"1074","Traffic Zone 02047","535","Traffic Zone 04020","5/27/2019 - 5/27/2019, Every day, Daily Average",999,758,1315
"1074","Traffic Zone 02047","536","Traffic Zone 08095","5/27/2019 - 5/27/2019, Every day, Daily Average",1055,845,1316
"1074","Traffic Zone 02047","537","Traffic Zone 04022","5/27/2019 - 5/27/2019, Every day, Daily Average",1029,897,1179
"1074","Traffic Zone 02047","538","Traffic Zone 08126","5/27/2019 - 5/27/2019, Every day, Daily Average",1199,972,1477
"1074","Traffic Zone 02047","542","Traffic Zone 36010","5/27/2019 - 5/27/2019, Every day, Daily Average",1090,961,1235
"1074","Traffic Zone 02047","543","Traffic Zone 04023","5/27/2019 - 5/27/2019, Every day, Daily Average",1154,917,1451
"1074","Traffic Zone 02047","546","Traffic Zone 04035","5/27/2019 - 5/27/2019, Every day, Daily Average",1167,944,1442
"1074","Traffic Zone 02047","547","Traffic Zone 08071","5/27/2019 - 5/27/2019, Every day, Daily Average",971,788,1195
"1074","Traffic Zone 02047","548","Traffic Zone 07126","5/27/2019 - 5/27/2019, Every day, Daily Average",900,748,1082
"1074","Traffic Zone 02047","550","Traffic Zone 04040","5/27/2019 - 5/27/2019, Every day, Daily Average",1039,884,1220
"1074","Traffic Zone 02047","551","Traffic Zone 06038","5/27/2019 - 5/27/2019, Every day, Daily Average",996,858,1155
"1074","Traffic Zone 02047","553","Traffic Zone 08113","5/27/2019 - 5/27/2019, Every day, Daily Average",1566,1445,1696
"1074","Traffic Zone 02047","555","Traffic Zone 07125","5/27/2019 - 5/27/2019, Every day, Daily Average",860,708,1044
"1074","Traffic Zone 02047","556","Traffic Zone 04039","5/27/2019 - 5/27/2019, Every day, Daily Average",1038,906,1188
"1074","Traffic Zone 02047","559","Traffic Zone 08196","5/27/2019 - 5/27/2019, Every day, Daily Average",1957,1885,2031
"1074","Traffic Zone 02047","560","Traffic Zone 06013","5/27/2019 - 5/27/2019, Every day, Daily Average",927,779,1102
"1074","Traffic Zone 02047","561","Traffic Zone 06014","5/27/2019 - 5/27/2019, Every day, Daily Average",1041,872,1241
"1074","Traffic Zone 02047","563","Traffic Zone 06031","5/27/2019 - 5/27/2019, Every day, Daily Average",1258,979,1616
"1074","Traffic Zone 02047","564","Traffic Zone 08124","5/27/2019 - 5/27/2019, Every day, Daily Average",1289,963,1724
"1074","Traffic Zone 02047","565","Traffic Zone 04024","5/27/2019 - 5/27/2019, Every day, Daily Average",1000,848,1178
"1074","Traffic Zone 02047","566","Traffic Zone 04027","5/27/2019 - 5/27/2019, Every day, Daily Average",890,739,1071
"1074","Traffic Zone 02047","567","Traffic Zone 04025","5/27/2019 - 5/27/2019, Every day, Daily Average",846,700,1021
"1074","Traffic Zone 02047","569","Traffic Zone 04026","5/27/2019 - 5/27/2019, Every day, Daily Average",830,679,1013
"1074","Traffic Zone 02047","570","Traffic Zone 07108","5/27/2019 - 5/27/2019, Every day, Daily Average",802,672,956
"1074","Traffic Zone 02047","571","Traffic Zone 06020","5/27/2019 - 5/27/2019, Every day, Daily Average",1310,1081,1587
"1074","Traffic Zone 02047","572","Traffic Zone 06036","5/27/2019 - 5/27/2019, Every day, Daily Average",897,735,1094
"1074","Traffic Zone 02047","576","Traffic Zone 04042","5/27/2019 - 5/27/2019, Every day, Daily Average",992,809,1215
"1074","Traffic Zone 02047","577","Traffic Zone 04045","5/27/2019 - 5/27/2019, Every day, Daily Average",1093,911,1310
"1074","Traffic Zone 02047","579","Traffic Zone 34001","5/27/2019 - 5/27/2019, Every day, Daily Average",815,666,997
"1074","Traffic Zone 02047","581","Traffic Zone 08114","5/27/2019 - 5/27/2019, Every day, Daily Average",1664,1562,1771
"1074","Traffic Zone 02047","584","Traffic Zone 04046","5/27/2019 - 5/27/2019, Every day, Daily Average",1294,994,1684
"1074","Traffic Zone 02047","585","Traffic Zone 04047","5/27/2019 - 5/27/2019, Every day, Daily Average",1156,933,1431
"1074","Traffic Zone 02047","586","Traffic Zone 06032","5/27/2019 - 5/27/2019, Every day, Daily Average",1278,960,1700
"1074","Traffic Zone 02047","587","Traffic Zone 07188","5/27/2019 - 5/27/2019, Every day, Daily Average",1120,881,1423
"1074","Traffic Zone 02047","591","Traffic Zone 04002","5/27/2019 - 5/27/2019, Every day, Daily Average",1093,900,1327
"1074","Traffic Zone 02047","592","Traffic Zone 07107","5/27/2019 - 5/27/2019, Every day, Daily Average",818,683,978
"1074","Traffic Zone 02047","593","Traffic Zone 08119","5/27/2019 - 5/27/2019, Every day, Daily Average",1107,866,1414
"1074","Traffic Zone 02047","594","Traffic Zone 06035","5/27/2019 - 5/27/2019, Every day, Daily Average",863,731,1018
"1074","Traffic Zone 02047","597","Traffic Zone 08118","5/27/2019 - 5/27/2019, Every day, Daily Average",1252,935,1676
"1074","Traffic Zone 02047","600","Traffic Zone 08121","5/27/2019 - 5/27/2019, Every day, Daily Average",1522,1108,2089
"1074","Traffic Zone 02047","601","Traffic Zone 04004","5/27/2019 - 5/27/2019, Every day, Daily Average",727,592,891
"1074","Traffic Zone 02047","602","Traffic Zone 04005","5/27/2019 - 5/27/2019, Every day, Daily Average",764,628,929
"1074","Traffic Zone 02047","603","Traffic Zone 04003","5/27/2019 - 5/27/2019, Every day, Daily Average",911,765,1083
"1074","Traffic Zone 02047","604","Traffic Zone 04001","5/27/2019 - 5/27/2019, Every day, Daily Average",711,561,900
"1074","Traffic Zone 02047","605","Traffic Zone 04041","5/27/2019 - 5/27/2019, Every day, Daily Average",922,748,1136
"1074","Traffic Zone 02047","606","Traffic Zone 07187","5/27/2019 - 5/27/2019, Every day, Daily Average",1217,995,1487
"1074","Traffic Zone 02047","609","Traffic Zone 07105","5/27/2019 - 5/27/2019, Every day, Daily Average",758,639,898
"1074","Traffic Zone 02047","611","Traffic Zone 06073","5/27/2019 - 5/27/2019, Every day, Daily Average",1130,954,1337
"1074","Traffic Zone 02047","614","Traffic Zone 36009","5/27/2019 - 5/27/2019, Every day, Daily Average",1034,933,1144
"1074","Traffic Zone 02047","615","Traffic Zone 07103","5/27/2019 - 5/27/2019, Every day, Daily Average",788,653,950
"1074","Traffic Zone 02047","616","Traffic Zone 07246","5/27/2019 - 5/27/2019, Every day, Daily Average",1653,1453,1880
"1074","Traffic Zone 02047","617","Traffic Zone 06022","5/27/2019 - 5/27/2019, Every day, Daily Average",1118,976,1279
"1074","Traffic Zone 02047","621","Traffic Zone 07106","5/27/2019 - 5/27/2019, Every day, Daily Average",744,617,895
"1074","Traffic Zone 02047","622","Traffic Zone 07189","5/27/2019 - 5/27/2019, Every day, Daily Average",1154,820,1622
"1074","Traffic Zone 02047","623","Traffic Zone 06033","5/27/2019 - 5/27/2019, Every day, Daily Average",821,706,953
"1074","Traffic Zone 02047","624","Traffic Zone 07247","5/27/2019 - 5/27/2019, Every day, Daily Average",1799,1476,2192
"1074","Traffic Zone 02047","625","Traffic Zone 06011","5/27/2019 - 5/27/2019, Every day, Daily Average",1088,945,1252
"1074","Traffic Zone 02047","630","Traffic Zone 08123","5/27/2019 - 5/27/2019, Every day, Daily Average",1458,1075,1976
"1074","Traffic Zone 02047","631","Traffic Zone 07174","5/27/2019 - 5/27/2019, Every day, Daily Average",1277,1074,1518
"1074","Traffic Zone 02047","632","Traffic Zone 07112","5/27/2019 - 5/27/2019, Every day, Daily Average",724,606,863
"1074","Traffic Zone 02047","633","Traffic Zone 06023","5/27/2019 - 5/27/2019, Every day, Daily Average",1112,937,1318
"1074","Traffic Zone 02047","635","Traffic Zone 06074","5/27/2019 - 5/27/2019, Every day, Daily Average",970,864,1087
"1074","Traffic Zone 02047","637","Traffic Zone 07177","5/27/2019 - 5/27/2019, Every day, Daily Average",1204,993,1459
"1074","Traffic Zone 02047","639","Traffic Zone 04049","5/27/2019 - 5/27/2019, Every day, Daily Average",1143,923,1414
"1074","Traffic Zone 02047","641","Traffic Zone 07190","5/27/2019 - 5/27/2019, Every day, Daily Average",1021,825,1262
"1074","Traffic Zone 02047","642","Traffic Zone 04044","5/27/2019 - 5/27/2019, Every day, Daily Average",886,830,945
"1074","Traffic Zone 02047","643","Traffic Zone 06015","5/27/2019 - 5/27/2019, Every day, Daily Average",942,789,1124
"1074","Traffic Zone 02047","644","Traffic Zone 06056","5/27/2019 - 5/27/2019, Every day, Daily Average",792,668,938
"1074","Traffic Zone 02047","650","Traffic Zone 36008","5/27/2019 - 5/27/2019, Every day, Daily Average",1061,885,1271
"1074","Traffic Zone 02047","656","Traffic Zone 07104","5/27/2019 - 5/27/2019, Every day, Daily Average",853,680,1068
"1074","Traffic Zone 02047","657","Traffic Zone 04048","5/27/2019 - 5/27/2019, Every day, Daily Average",1024,859,1219
"1074","Traffic Zone 02047","660","Traffic Zone 08105","5/27/2019 - 5/27/2019, Every day, Daily Average",1515,1272,1803
"1074","Traffic Zone 02047","664","Traffic Zone 02153","5/27/2019 - 5/27/2019, Every day, Daily Average",684,543,861
"1074","Traffic Zone 02047","665","Traffic Zone 07109","5/27/2019 - 5/27/2019, Every day, Daily Average",713,592,858
"1074","Traffic Zone 02047","666","Traffic Zone 06034","5/27/2019 - 5/27/2019, Every day, Daily Average",729,610,871
"1074","Traffic Zone 02047","670","Traffic Zone 07110","5/27/2019 - 5/27/2019, Every day, Daily Average",687,580,813
"1074","Traffic Zone 02047","673","Traffic Zone 07203","5/27/2019 - 5/27/2019, Every day, Daily Average",860,712,1037
"1074","Traffic Zone 02047","674","Traffic Zone 06043","5/27/2019 - 5/27/2019, Every day, Daily Average",965,867,1073
"1074","Traffic Zone 02047","676","Traffic Zone 06067","5/27/2019 - 5/27/2019, Every day, Daily Average",1031,828,1282
"1074","Traffic Zone 02047","677","Traffic Zone 07191","5/27/2019 - 5/27/2019, Every day, Daily Average",1323,1005,1740
"1074","Traffic Zone 02047","678","Traffic Zone 07205","5/27/2019 - 5/27/2019, Every day, Daily Average",1099,791,1526
"1074","Traffic Zone 02047","679","Traffic Zone 07193","5/27/2019 - 5/27/2019, Every day, Daily Average",1249,986,1580
"1074","Traffic Zone 02047","681","Traffic Zone 06069","5/27/2019 - 5/27/2019, Every day, Daily Average",1215,1131,1304
"1074","Traffic Zone 02047","682","Traffic Zone 02147","5/27/2019 - 5/27/2019, Every day, Daily Average",610,508,731
"1074","Traffic Zone 02047","683","Traffic Zone 08104","5/27/2019 - 5/27/2019, Every day, Daily Average",1580,1342,1858
"1074","Traffic Zone 02047","684","Traffic Zone 06012","5/27/2019 - 5/27/2019, Every day, Daily Average",1062,863,1306
"1074","Traffic Zone 02047","686","Traffic Zone 07248","5/27/2019 - 5/27/2019, Every day, Daily Average",1523,1340,1730
"1074","Traffic Zone 02047","688","Traffic Zone 07206","5/27/2019 - 5/27/2019, Every day, Daily Average",866,769,974
"1074","Traffic Zone 02047","690","Traffic Zone 07111","5/27/2019 - 5/27/2019, Every day, Daily Average",658,553,782
"1074","Traffic Zone 02047","691","Traffic Zone 06068","5/27/2019 - 5/27/2019, Every day, Daily Average",1086,866,1361
"1074","Traffic Zone 02047","692","Traffic Zone 07256","5/27/2019 - 5/27/2019, Every day, Daily Average",1586,1371,1834
"1074","Traffic Zone 02047","693","Traffic Zone 06044","5/27/2019 - 5/27/2019, Every day, Daily Average",830,746,922
"1074","Traffic Zone 02047","694","Traffic Zone 07194","5/27/2019 - 5/27/2019, Every day, Daily Average",1123,851,1481
"1074","Traffic Zone 02047","695","Traffic Zone 07202","5/27/2019 - 5/27/2019, Every day, Daily Average",970,795,1183
"1074","Traffic Zone 02047","696","Traffic Zone 07204","5/27/2019 - 5/27/2019, Every day, Daily Average",916,776,1080
"1074","Traffic Zone 02047","698","Traffic Zone 02151","5/27/2019 - 5/27/2019, Every day, Daily Average",992,778,1264
"1074","Traffic Zone 02047","699","Traffic Zone 08283","5/27/2019 - 5/27/2019, Every day, Daily Average",1880,1748,2021
"1074","Traffic Zone 02047","702","Traffic Zone 07192","5/27/2019 - 5/27/2019, Every day, Daily Average",1077,851,1361
"1074","Traffic Zone 02047","704","Traffic Zone 02152","5/27/2019 - 5/27/2019, Every day, Daily Average",651,504,839
"1074","Traffic Zone 02047","707","Traffic Zone 02150","5/27/2019 - 5/27/2019, Every day, Daily Average",928,706,1219
"1074","Traffic Zone 02047","711","Traffic Zone 07186","5/27/2019 - 5/27/2019, Every day, Daily Average",1081,891,1311
"1074","Traffic Zone 02047","712","Traffic Zone 06057","5/27/2019 - 5/27/2019, Every day, Daily Average",734,620,867
"1074","Traffic Zone 02047","714","Traffic Zone 08297","5/27/2019 - 5/27/2019, Every day, Daily Average",2104,1953,2265
"1074","Traffic Zone 02047","717","Traffic Zone 07211","5/27/2019 - 5/27/2019, Every day, Daily Average",824,764,888
"1074","Traffic Zone 02047","718","Traffic Zone 06046","5/27/2019 - 5/27/2019, Every day, Daily Average",658,546,792
"1074","Traffic Zone 02047","719","Traffic Zone 07257","5/27/2019 - 5/27/2019, Every day, Daily Average",1498,1309,1714
"1074","Traffic Zone 02047","722","Traffic Zone 07236","5/27/2019 - 5/27/2019, Every day, Daily Average",1464,1241,1726
"1074","Traffic Zone 02047","724","Traffic Zone 07207","5/27/2019 - 5/27/2019, Every day, Daily Average",1057,801,1393
"1074","Traffic Zone 02047","725","Traffic Zone 02146","5/27/2019 - 5/27/2019, Every day, Daily Average",516,422,630
"1074","Traffic Zone 02047","726","Traffic Zone 06070","5/27/2019 - 5/27/2019, Every day, Daily Average",1134,936,1373
"1074","Traffic Zone 02047","727","Traffic Zone 06071","5/27/2019 - 5/27/2019, Every day, Daily Average",1135,896,1436
"1074","Traffic Zone 02047","729","Traffic Zone 07210","5/27/2019 - 5/27/2019, Every day, Daily Average",965,822,1132
"1074","Traffic Zone 02047","730","Traffic Zone 07209","5/27/2019 - 5/27/2019, Every day, Daily Average",949,740,1216
"1074","Traffic Zone 02047","731","Traffic Zone 06045","5/27/2019 - 5/27/2019, Every day, Daily Average",627,517,759
"1074","Traffic Zone 02047","735","Traffic Zone 06047","5/27/2019 - 5/27/2019, Every day, Daily Average",921,793,1068
"1074","Traffic Zone 02047","736","Traffic Zone 07208","5/27/2019 - 5/27/2019, Every day, Daily Average",949,722,1247
"1074","Traffic Zone 02047","737","Traffic Zone 06051","5/27/2019 - 5/27/2019, Every day, Daily Average",661,558,782
"1074","Traffic Zone 02047","739","Traffic Zone 02148","5/27/2019 - 5/27/2019, Every day, Daily Average",552,459,662
"1074","Traffic Zone 02047","741","Traffic Zone 07237","5/27/2019 - 5/27/2019, Every day, Daily Average",1457,1202,1765
"1074","Traffic Zone 02047","745","Traffic Zone 08287","5/27/2019 - 5/27/2019, Every day, Daily Average",1958,1815,2111
"1074","Traffic Zone 02047","747","Traffic Zone 36007","5/27/2019 - 5/27/2019, Every day, Daily Average",848,717,1002
"1074","Traffic Zone 02047","748","Traffic Zone 07258","5/27/2019 - 5/27/2019, Every day, Daily Average",1426,1228,1655
"1074","Traffic Zone 02047","751","Traffic Zone 06048","5/27/2019 - 5/27/2019, Every day, Daily Average",589,488,710
"1074","Traffic Zone 02047","753","Traffic Zone 08298","5/27/2019 - 5/27/2019, Every day, Daily Average",2083,1928,2250
"1074","Traffic Zone 02047","754","Traffic Zone 02154","5/27/2019 - 5/27/2019, Every day, Daily Average",612,479,780
"1074","Traffic Zone 02047","755","Traffic Zone 32002","5/27/2019 - 5/27/2019, Every day, Daily Average",841,636,1110
"1074","Traffic Zone 02047","756","Traffic Zone 32001","5/27/2019 - 5/27/2019, Every day, Daily Average",735,574,941
"1074","Traffic Zone 02047","757","Traffic Zone 08284","5/27/2019 - 5/27/2019, Every day, Daily Average",1864,1726,2012
"1074","Traffic Zone 02047","759","Traffic Zone 07238","5/27/2019 - 5/27/2019, Every day, Daily Average",1398,1158,1686
"1074","Traffic Zone 02047","761","Traffic Zone 07195","5/27/2019 - 5/27/2019, Every day, Daily Average",1055,844,1317
"1074","Traffic Zone 02047","762","Traffic Zone 07239","5/27/2019 - 5/27/2019, Every day, Daily Average",1612,1338,1941
"1074","Traffic Zone 02047","763","Traffic Zone 06064","5/27/2019 - 5/27/2019, Every day, Daily Average",1188,1045,1349
"1074","Traffic Zone 02047","765","Traffic Zone 06058","5/27/2019 - 5/27/2019, Every day, Daily Average",930,782,1105
"1074","Traffic Zone 02047","766","Traffic Zone 06075","5/27/2019 - 5/27/2019, Every day, Daily Average",1309,1202,1424
"1074","Traffic Zone 02047","767","Traffic Zone 06066","5/27/2019 - 5/27/2019, Every day, Daily Average",1251,1126,1389
"1074","Traffic Zone 02047","768","Traffic Zone 02141","5/27/2019 - 5/27/2019, Every day, Daily Average",806,648,1002
"1074","Traffic Zone 02047","769","Traffic Zone 07198","5/27/2019 - 5/27/2019, Every day, Daily Average",885,667,1172
"1074","Traffic Zone 02047","770","Traffic Zone 02136","5/27/2019 - 5/27/2019, Every day, Daily Average",516,402,660
"1074","Traffic Zone 02047","771","Traffic Zone 02138","5/27/2019 - 5/27/2019, Every day, Daily Average",882,723,1074
"1074","Traffic Zone 02047","772","Traffic Zone 06040","5/27/2019 - 5/27/2019, Every day, Daily Average",707,597,837
"1074","Traffic Zone 02047","773","Traffic Zone 07197","5/27/2019 - 5/27/2019, Every day, Daily Average",781,595,1023
"1074","Traffic Zone 02047","774","Traffic Zone 06041","5/27/2019 - 5/27/2019, Every day, Daily Average",682,587,791
"1074","Traffic Zone 02047","775","Traffic Zone 07219","5/27/2019 - 5/27/2019, Every day, Daily Average",1145,1057,1239
"1074","Traffic Zone 02047","777","Traffic Zone 06062","5/27/2019 - 5/27/2019, Every day, Daily Average",1159,1039,1292
"1074","Traffic Zone 02047","778","Traffic Zone 08288","5/27/2019 - 5/27/2019, Every day, Daily Average",1965,1820,2120
"1074","Traffic Zone 02047","779","Traffic Zone 02145","5/27/2019 - 5/27/2019, Every day, Daily Average",561,437,720
"1074","Traffic Zone 02047","780","Traffic Zone 07232","5/27/2019 - 5/27/2019, Every day, Daily Average",1298,1072,1570
"1074","Traffic Zone 02047","781","Traffic Zone 07249","5/27/2019 - 5/27/2019, Every day, Daily Average",1358,1192,1546
"1074","Traffic Zone 02047","782","Traffic Zone 07201","5/27/2019 - 5/27/2019, Every day, Daily Average",826,647,1053
"1074","Traffic Zone 02047","783","Traffic Zone 08144","5/27/2019 - 5/27/2019, Every day, Daily Average",1585,1457,1723
"1074","Traffic Zone 02047","784","Traffic Zone 06061","5/27/2019 - 5/27/2019, Every day, Daily Average",1229,1000,1509
"1074","Traffic Zone 02047","785","Traffic Zone 07241","5/27/2019 - 5/27/2019, Every day, Daily Average",1341,1136,1582
"1074","Traffic Zone 02047","786","Traffic Zone 07221","5/27/2019 - 5/27/2019, Every day, Daily Average",1065,938,1208
"1074","Traffic Zone 02047","787","Traffic Zone 06052","5/27/2019 - 5/27/2019, Every day, Daily Average",765,651,898
"1074","Traffic Zone 02047","788","Traffic Zone 02142","5/27/2019 - 5/27/2019, Every day, Daily Average",535,425,672
"1074","Traffic Zone 02047","789","Traffic Zone 02149","5/27/2019 - 5/27/2019, Every day, Daily Average",468,386,566
"1074","Traffic Zone 02047","791","Traffic Zone 06060","5/27/2019 - 5/27/2019, Every day, Daily Average",1163,971,1391
"1074","Traffic Zone 02047","792","Traffic Zone 07196","5/27/2019 - 5/27/2019, Every day, Daily Average",698,550,885
"1074","Traffic Zone 02047","793","Traffic Zone 07230","5/27/2019 - 5/27/2019, Every day, Daily Average",1296,1072,1565
"1074","Traffic Zone 02047","794","Traffic Zone 06042","5/27/2019 - 5/27/2019, Every day, Daily Average",523,411,665
"1074","Traffic Zone 02047","795","Traffic Zone 02139","5/27/2019 - 5/27/2019, Every day, Daily Average",944,766,1162
"1074","Traffic Zone 02047","796","Traffic Zone 02144","5/27/2019 - 5/27/2019, Every day, Daily Average",805,650,995
"1074","Traffic Zone 02047","797","Traffic Zone 07200","5/27/2019 - 5/27/2019, Every day, Daily Average",716,587,872
"1074","Traffic Zone 02047","798","Traffic Zone 08289","5/27/2019 - 5/27/2019, Every day, Daily Average",1795,1649,1952
"1074","Traffic Zone 02047","799","Traffic Zone 07218","5/27/2019 - 5/27/2019, Every day, Daily Average",1033,909,1172
"1074","Traffic Zone 02047","800","Traffic Zone 07220","5/27/2019 - 5/27/2019, Every day, Daily Average",1062,980,1149
"1074","Traffic Zone 02047","801","Traffic Zone 07240","5/27/2019 - 5/27/2019, Every day, Daily Average",1562,1305,1868
"1074","Traffic Zone 02047","802","Traffic Zone 07212","5/27/2019 - 5/27/2019, Every day, Daily Average",881,760,1021
"1074","Traffic Zone 02047","805","Traffic Zone 06054","5/27/2019 - 5/27/2019, Every day, Daily Average",561,456,689
"1074","Traffic Zone 02047","806","Traffic Zone 08147","5/27/2019 - 5/27/2019, Every day, Daily Average",1662,1540,1792
"1074","Traffic Zone 02047","807","Traffic Zone 06085","5/27/2019 - 5/27/2019, Every day, Daily Average",1160,957,1405
"1074","Traffic Zone 02047","808","Traffic Zone 06055","5/27/2019 - 5/27/2019, Every day, Daily Average",751,609,925
"1074","Traffic Zone 02047","809","Traffic Zone 02143","5/27/2019 - 5/27/2019, Every day, Daily Average",735,585,922
"1074","Traffic Zone 02047","811","Traffic Zone 02140","5/27/2019 - 5/27/2019, Every day, Daily Average",690,544,874
"1074","Traffic Zone 02047","812","Traffic Zone 08291","5/27/2019 - 5/27/2019, Every day, Daily Average",1746,1608,1895
"1074","Traffic Zone 02047","813","Traffic Zone 06063","5/27/2019 - 5/27/2019, Every day, Daily Average",1210,1088,1345
"1074","Traffic Zone 02047","815","Traffic Zone 06059","5/27/2019 - 5/27/2019, Every day, Daily Average",961,829,1113
"1074","Traffic Zone 02047","816","Traffic Zone 02137","5/27/2019 - 5/27/2019, Every day, Daily Average",465,366,590
"1074","Traffic Zone 02047","818","Traffic Zone 07242","5/27/2019 - 5/27/2019, Every day, Daily Average",1274,1117,1452
"1074","Traffic Zone 02047","820","Traffic Zone 06076","5/27/2019 - 5/27/2019, Every day, Daily Average",1256,1138,1385
"1074","Traffic Zone 02047","822","Traffic Zone 07231","5/27/2019 - 5/27/2019, Every day, Daily Average",1122,1011,1244
"1074","Traffic Zone 02047","823","Traffic Zone 08115","5/27/2019 - 5/27/2019, Every day, Daily Average",1610,1496,1731
"1074","Traffic Zone 02047","825","Traffic Zone 02123","5/27/2019 - 5/27/2019, Every day, Daily Average",785,628,980
"1074","Traffic Zone 02047","826","Traffic Zone 06050","5/27/2019 - 5/27/2019, Every day, Daily Average",589,454,763
"1074","Traffic Zone 02047","827","Traffic Zone 02135","5/27/2019 - 5/27/2019, Every day, Daily Average",681,542,854
"1074","Traffic Zone 02047","829","Traffic Zone 08145","5/27/2019 - 5/27/2019, Every day, Daily Average",1526,1402,1659
"1074","Traffic Zone 02047","830","Traffic Zone 02120","5/27/2019 - 5/27/2019, Every day, Daily Average",714,548,929
"1074","Traffic Zone 02047","831","Traffic Zone 06049","5/27/2019 - 5/27/2019, Every day, Daily Average",848,686,1047
"1074","Traffic Zone 02047","832","Traffic Zone 02122","5/27/2019 - 5/27/2019, Every day, Daily Average",846,670,1067
"1074","Traffic Zone 02047","833","Traffic Zone 06084","5/27/2019 - 5/27/2019, Every day, Daily Average",1202,969,1490
"1074","Traffic Zone 02047","834","Traffic Zone 02124","5/27/2019 - 5/27/2019, Every day, Daily Average",428,337,543
"1074","Traffic Zone 02047","836","Traffic Zone 06053","5/27/2019 - 5/27/2019, Every day, Daily Average",927,743,1155
"1074","Traffic Zone 02047","838","Traffic Zone 06086","5/27/2019 - 5/27/2019, Every day, Daily Average",1459,1148,1853
"1074","Traffic Zone 02047","839","Traffic Zone 06099","5/27/2019 - 5/27/2019, Every day, Daily Average",1134,868,1481
"1074","Traffic Zone 02047","840","Traffic Zone 02128","5/27/2019 - 5/27/2019, Every day, Daily Average",367,284,473
"1074","Traffic Zone 02047","841","Traffic Zone 07199","5/27/2019 - 5/27/2019, Every day, Daily Average",647,565,740
"1074","Traffic Zone 02047","842","Traffic Zone 02133","5/27/2019 - 5/27/2019, Every day, Daily Average",665,462,956
"1074","Traffic Zone 02047","844","Traffic Zone 06079","5/27/2019 - 5/27/2019, Every day, Daily Average",1457,1317,1610
"1074","Traffic Zone 02047","845","Traffic Zone 07243","5/27/2019 - 5/27/2019, Every day, Daily Average",1227,1060,1420
"1074","Traffic Zone 02047","846","Traffic Zone 32003","5/27/2019 - 5/27/2019, Every day, Daily Average",437,339,561
"1074","Traffic Zone 02047","847","Traffic Zone 08116","5/27/2019 - 5/27/2019, Every day, Daily Average",1475,1356,1603
"1074","Traffic Zone 02047","848","Traffic Zone 06094","5/27/2019 - 5/27/2019, Every day, Daily Average",1224,984,1521
"1074","Traffic Zone 02047","849","Traffic Zone 07213","5/27/2019 - 5/27/2019, Every day, Daily Average",623,519,747
"1074","Traffic Zone 02047","850","Traffic Zone 02132","5/27/2019 - 5/27/2019, Every day, Daily Average",393,310,496
"1074","Traffic Zone 02047","851","Traffic Zone 06078","5/27/2019 - 5/27/2019, Every day, Daily Average",1683,1594,1776
"1074","Traffic Zone 02047","852","Traffic Zone 06089","5/27/2019 - 5/27/2019, Every day, Daily Average",1426,1118,1817
"1074","Traffic Zone 02047","853","Traffic Zone 07222","5/27/2019 - 5/27/2019, Every day, Daily Average",868,726,1037
"1074","Traffic Zone 02047","854","Traffic Zone 02129","5/27/2019 - 5/27/2019, Every day, Daily Average",657,509,847
"1074","Traffic Zone 02047","855","Traffic Zone 07214","5/27/2019 - 5/27/2019, Every day, Daily Average",885,808,969
"1074","Traffic Zone 02047","856","Traffic Zone 02121","5/27/2019 - 5/27/2019, Every day, Daily Average",851,666,1086
"1074","Traffic Zone 02047","857","Traffic Zone 06087","5/27/2019 - 5/27/2019, Every day, Daily Average",1050,885,1244
"1074","Traffic Zone 02047","858","Traffic Zone 07245","5/27/2019 - 5/27/2019, Every day, Daily Average",1073,942,1221
"1074","Traffic Zone 02047","859","Traffic Zone 07223","5/27/2019 - 5/27/2019, Every day, Daily Average",996,891,1112
"1074","Traffic Zone 02047","860","Traffic Zone 02130","5/27/2019 - 5/27/2019, Every day, Daily Average",297,223,394
"1074","Traffic Zone 02047","863","Traffic Zone 02134","5/27/2019 - 5/27/2019, Every day, Daily Average",490,366,654
"1074","Traffic Zone 02047","864","Traffic Zone 07216","5/27/2019 - 5/27/2019, Every day, Daily Average",781,684,890
"1074","Traffic Zone 02047","865","Traffic Zone 07215","5/27/2019 - 5/27/2019, Every day, Daily Average",798,667,954
"1074","Traffic Zone 02047","866","Traffic Zone 02118","5/27/2019 - 5/27/2019, Every day, Daily Average",566,462,692
"1074","Traffic Zone 02047","867","Traffic Zone 06100","5/27/2019 - 5/27/2019, Every day, Daily Average",1076,847,1365
"1074","Traffic Zone 02047","868","Traffic Zone 02007","5/27/2019 - 5/27/2019, Every day, Daily Average",337,257,440
"1074","Traffic Zone 02047","869","Traffic Zone 06082","5/27/2019 - 5/27/2019, Every day, Daily Average",1373,1264,1491
"1074","Traffic Zone 02047","870","Traffic Zone 02125","5/27/2019 - 5/27/2019, Every day, Daily Average",679,542,849
"1074","Traffic Zone 02047","871","Traffic Zone 02127","5/27/2019 - 5/27/2019, Every day, Daily Average",399,308,515
"1074","Traffic Zone 02047","872","Traffic Zone 02001","5/27/2019 - 5/27/2019, Every day, Daily Average",700,567,863
"1074","Traffic Zone 02047","873","Traffic Zone 02131","5/27/2019 - 5/27/2019, Every day, Daily Average",312,234,415
"1074","Traffic Zone 02047","876","Traffic Zone 06098","5/27/2019 - 5/27/2019, Every day, Daily Average",992,822,1195
"1074","Traffic Zone 02047","877","Traffic Zone 06077","5/27/2019 - 5/27/2019, Every day, Daily Average",1525,1399,1661
"1074","Traffic Zone 02047","878","Traffic Zone 06090","5/27/2019 - 5/27/2019, Every day, Daily Average",1207,1068,1363
"1074","Traffic Zone 02047","880","Traffic Zone 02117","5/27/2019 - 5/27/2019, Every day, Daily Average",889,703,1122
"1074","Traffic Zone 02047","881","Traffic Zone 06097","5/27/2019 - 5/27/2019, Every day, Daily Average",1029,835,1267
"1074","Traffic Zone 02047","882","Traffic Zone 02116","5/27/2019 - 5/27/2019, Every day, Daily Average",538,431,671
"1074","Traffic Zone 02047","883","Traffic Zone 13005","5/27/2019 - 5/27/2019, Every day, Daily Average",965,853,1091
"1074","Traffic Zone 02047","884","Traffic Zone 08277","5/27/2019 - 5/27/2019, Every day, Daily Average",1692,1593,1797
"1074","Traffic Zone 02047","885","Traffic Zone 13001","5/27/2019 - 5/27/2019, Every day, Daily Average",1080,933,1248
"1074","Traffic Zone 02047","886","Traffic Zone 13002","5/27/2019 - 5/27/2019, Every day, Daily Average",815,679,977
"1074","Traffic Zone 02047","887","Traffic Zone 08278","5/27/2019 - 5/27/2019, Every day, Daily Average",1793,1688,1904
"1074","Traffic Zone 02047","888","Traffic Zone 13006","5/27/2019 - 5/27/2019, Every day, Daily Average",933,829,1049
"1074","Traffic Zone 02047","889","Traffic Zone 02002","5/27/2019 - 5/27/2019, Every day, Daily Average",694,562,855
"1074","Traffic Zone 02047","891","Traffic Zone 07224","5/27/2019 - 5/27/2019, Every day, Daily Average",939,812,1085
"1074","Traffic Zone 02047","892","Traffic Zone 02126","5/27/2019 - 5/27/2019, Every day, Daily Average",346,241,495
"1074","Traffic Zone 02047","893","Traffic Zone 06001","5/27/2019 - 5/27/2019, Every day, Daily Average",828,737,930
"1074","Traffic Zone 02047","894","Traffic Zone 07217","5/27/2019 - 5/27/2019, Every day, Daily Average",703,599,824
"1074","Traffic Zone 02047","895","Traffic Zone 06103","5/27/2019 - 5/27/2019, Every day, Daily Average",939,733,1202
"1074","Traffic Zone 02047","896","Traffic Zone 06102","5/27/2019 - 5/27/2019, Every day, Daily Average",1045,811,1346
"1074","Traffic Zone 02047","897","Traffic Zone 06095","5/27/2019 - 5/27/2019, Every day, Daily Average",1196,931,1535
"1074","Traffic Zone 02047","899","Traffic Zone 06093","5/27/2019 - 5/27/2019, Every day, Daily Average",1076,837,1382
"1074","Traffic Zone 02047","900","Traffic Zone 06083","5/27/2019 - 5/27/2019, Every day, Daily Average",1291,1139,1462
"1074","Traffic Zone 02047","901","Traffic Zone 07228","5/27/2019 - 5/27/2019, Every day, Daily Average",602,494,732
"1074","Traffic Zone 02047","902","Traffic Zone 06101","5/27/2019 - 5/27/2019, Every day, Daily Average",657,521,828
"1074","Traffic Zone 02047","903","Traffic Zone 06092","5/27/2019 - 5/27/2019, Every day, Daily Average",1123,981,1285
"1074","Traffic Zone 02047","904","Traffic Zone 02006","5/27/2019 - 5/27/2019, Every day, Daily Average",292,223,382
"1074","Traffic Zone 02047","905","Traffic Zone 06132","5/27/2019 - 5/27/2019, Every day, Daily Average",1545,1353,1763
"1074","Traffic Zone 02047","906","Traffic Zone 02005","5/27/2019 - 5/27/2019, Every day, Daily Average",269,205,352
"1074","Traffic Zone 02047","907","Traffic Zone 06091","5/27/2019 - 5/27/2019, Every day, Daily Average",1053,831,1334
"1074","Traffic Zone 02047","908","Traffic Zone 02115","5/27/2019 - 5/27/2019, Every day, Daily Average",726,525,1003
"1074","Traffic Zone 02047","909","Traffic Zone 02110","5/27/2019 - 5/27/2019, Every day, Daily Average",616,540,701
"1074","Traffic Zone 02047","910","Traffic Zone 32004","5/27/2019 - 5/27/2019, Every day, Daily Average",432,333,559
"1074","Traffic Zone 02047","911","Traffic Zone 06096","5/27/2019 - 5/27/2019, Every day, Daily Average",1182,928,1505
"1074","Traffic Zone 02047","912","Traffic Zone 02004","5/27/2019 - 5/27/2019, Every day, Daily Average",597,483,736
"1074","Traffic Zone 02047","913","Traffic Zone 02008","5/27/2019 - 5/27/2019, Every day, Daily Average",541,393,743
"1074","Traffic Zone 02047","914","Traffic Zone 02003","5/27/2019 - 5/27/2019, Every day, Daily Average",517,418,638
"1074","Traffic Zone 02047","915","Traffic Zone 06107","5/27/2019 - 5/27/2019, Every day, Daily Average",917,744,1129
"1074","Traffic Zone 02047","916","Traffic Zone 06104","5/27/2019 - 5/27/2019, Every day, Daily Average",745,593,935
"1074","Traffic Zone 02047","918","Traffic Zone 32013","5/27/2019 - 5/27/2019, Every day, Daily Average",664,507,868
"1074","Traffic Zone 02047","919","Traffic Zone 06127","5/27/2019 - 5/27/2019, Every day, Daily Average",1498,1265,1773
"1074","Traffic Zone 02047","920","Traffic Zone 06128","5/27/2019 - 5/27/2019, Every day, Daily Average",1556,1332,1817
"1074","Traffic Zone 02047","921","Traffic Zone 02111","5/27/2019 - 5/27/2019, Every day, Daily Average",495,387,631
"1074","Traffic Zone 02047","922","Traffic Zone 07227","5/27/2019 - 5/27/2019, Every day, Daily Average",737,617,879
"1074","Traffic Zone 02047","923","Traffic Zone 06136","5/27/2019 - 5/27/2019, Every day, Daily Average",1536,1379,1710
"1074","Traffic Zone 02047","924","Traffic Zone 06105","5/27/2019 - 5/27/2019, Every day, Daily Average",855,692,1055
"1074","Traffic Zone 02047","926","Traffic Zone 36004","5/27/2019 - 5/27/2019, Every day, Daily Average",1025,806,1302
"1074","Traffic Zone 02047","927","Traffic Zone 02009","5/27/2019 - 5/27/2019, Every day, Daily Average",638,491,828
"1074","Traffic Zone 02047","928","Traffic Zone 02109","5/27/2019 - 5/27/2019, Every day, Daily Average",638,519,783
"1074","Traffic Zone 02047","929","Traffic Zone 06123","5/27/2019 - 5/27/2019, Every day, Daily Average",1136,1057,1220
"1074","Traffic Zone 02047","930","Traffic Zone 06124","5/27/2019 - 5/27/2019, Every day, Daily Average",1284,1031,1598
"1074","Traffic Zone 02047","931","Traffic Zone 02108","5/27/2019 - 5/27/2019, Every day, Daily Average",362,247,530
"1074","Traffic Zone 02047","932","Traffic Zone 06116","5/27/2019 - 5/27/2019, Every day, Daily Average",928,773,1112
"1074","Traffic Zone 02047","933","Traffic Zone 02013","5/27/2019 - 5/27/2019, Every day, Daily Average",242,180,324
"1074","Traffic Zone 02047","934","Traffic Zone 02014","5/27/2019 - 5/27/2019, Every day, Daily Average",393,319,482
"1074","Traffic Zone 02047","935","Traffic Zone 02015","5/27/2019 - 5/27/2019, Every day, Daily Average",453,354,578
"1074","Traffic Zone 02047","936","Traffic Zone 06137","5/27/2019 - 5/27/2019, Every day, Daily Average",1715,1577,1864
"1074","Traffic Zone 02047","938","Traffic Zone 07229","5/27/2019 - 5/27/2019, Every day, Daily Average",545,401,739
"1074","Traffic Zone 02047","939","Traffic Zone 13013","5/27/2019 - 5/27/2019, Every day, Daily Average",1391,1344,1439
"1074","Traffic Zone 02047","940","Traffic Zone 07226","5/27/2019 - 5/27/2019, Every day, Daily Average",685,588,796
"1074","Traffic Zone 02047","941","Traffic Zone 06115","5/27/2019 - 5/27/2019, Every day, Daily Average",1033,791,1348
"1074","Traffic Zone 02047","942","Traffic Zone 08279","5/27/2019 - 5/27/2019, Every day, Daily Average",1688,1534,1857
"1074","Traffic Zone 02047","943","Traffic Zone 02010","5/27/2019 - 5/27/2019, Every day, Daily Average",692,543,880
"1074","Traffic Zone 02047","944","Traffic Zone 06002","5/27/2019 - 5/27/2019, Every day, Daily Average",561,443,710
"1074","Traffic Zone 02047","945","Traffic Zone 02019","5/27/2019 - 5/27/2019, Every day, Daily Average",472,361,616
"1074","Traffic Zone 02047","946","Traffic Zone 32005","5/27/2019 - 5/27/2019, Every day, Daily Average",368,272,496
"1074","Traffic Zone 02047","947","Traffic Zone 02017","5/27/2019 - 5/27/2019, Every day, Daily Average",497,359,686
"1074","Traffic Zone 02047","948","Traffic Zone 02018","5/27/2019 - 5/27/2019, Every day, Daily Average",396,289,541
"1074","Traffic Zone 02047","949","Traffic Zone 02016","5/27/2019 - 5/27/2019, Every day, Daily Average",436,298,636
"1074","Traffic Zone 02047","950","Traffic Zone 02012","5/27/2019 - 5/27/2019, Every day, Daily Average",212,154,291
"1074","Traffic Zone 02047","951","Traffic Zone 02011","5/27/2019 - 5/27/2019, Every day, Daily Average",655,485,882
"1074","Traffic Zone 02047","952","Traffic Zone 06112","5/27/2019 - 5/27/2019, Every day, Daily Average",998,869,1145
"1074","Traffic Zone 02047","953","Traffic Zone 05004","5/27/2019 - 5/27/2019, Every day, Daily Average",500,399,625
"1074","Traffic Zone 02047","954","Traffic Zone 13012","5/27/2019 - 5/27/2019, Every day, Daily Average",1018,920,1125
"1074","Traffic Zone 02047","955","Traffic Zone 07225","5/27/2019 - 5/27/2019, Every day, Daily Average",611,520,717
"1074","Traffic Zone 02047","956","Traffic Zone 36005","5/27/2019 - 5/27/2019, Every day, Daily Average",902,729,1114
"1074","Traffic Zone 02047","957","Traffic Zone 36003","5/27/2019 - 5/27/2019, Every day, Daily Average",1056,822,1355
"1074","Traffic Zone 02047","958","Traffic Zone 13003","5/27/2019 - 5/27/2019, Every day, Daily Average",791,661,945
"1074","Traffic Zone 02047","959","Traffic Zone 06110","5/27/2019 - 5/27/2019, Every day, Daily Average",905,790,1035
"1074","Traffic Zone 02047","960","Traffic Zone 32006","5/27/2019 - 5/27/2019, Every day, Daily Average",345,233,509
"1074","Traffic Zone 02047","961","Traffic Zone 06106","5/27/2019 - 5/27/2019, Every day, Daily Average",842,654,1082
"1074","Traffic Zone 02047","962","Traffic Zone 06133","5/27/2019 - 5/27/2019, Every day, Daily Average",1577,1420,1750
"1074","Traffic Zone 02047","963","Traffic Zone 06003","5/27/2019 - 5/27/2019, Every day, Daily Average",643,522,792
"1074","Traffic Zone 02047","964","Traffic Zone 06109","5/27/2019 - 5/27/2019, Every day, Daily Average",815,647,1025
"1074","Traffic Zone 02047","965","Traffic Zone 06114","5/27/2019 - 5/27/2019, Every day, Daily Average",912,705,1178
"1074","Traffic Zone 02047","966","Traffic Zone 02028","5/27/2019 - 5/27/2019, Every day, Daily Average",479,373,614
"1074","Traffic Zone 02047","967","Traffic Zone 02027","5/27/2019 - 5/27/2019, Every day, Daily Average",592,420,833
"1074","Traffic Zone 02047","968","Traffic Zone 05005","5/27/2019 - 5/27/2019, Every day, Daily Average",490,407,589
"1074","Traffic Zone 02047","969","Traffic Zone 06138","5/27/2019 - 5/27/2019, Every day, Daily Average",1396,1278,1524
"1074","Traffic Zone 02047","970","Traffic Zone 06117","5/27/2019 - 5/27/2019, Every day, Daily Average",883,727,1072
"1074","Traffic Zone 02047","971","Traffic Zone 36006","5/27/2019 - 5/27/2019, Every day, Daily Average",1013,930,1102
"1074","Traffic Zone 02047","972","Traffic Zone 01007","5/27/2019 - 5/27/2019, Every day, Daily Average",343,205,571
"1074","Traffic Zone 02047","973","Traffic Zone 01006","5/27/2019 - 5/27/2019, Every day, Daily Average",172,125,235
"1074","Traffic Zone 02047","974","Traffic Zone 01001","5/27/2019 - 5/27/2019, Every day, Daily Average",176,129,239
"1074","Traffic Zone 02047","975","Traffic Zone 01002","5/27/2019 - 5/27/2019, Every day, Daily Average",261,168,403
"1074","Traffic Zone 02047","976","Traffic Zone 02023","5/27/2019 - 5/27/2019, Every day, Daily Average",382,257,567
"1074","Traffic Zone 02047","977","Traffic Zone 02024","5/27/2019 - 5/27/2019, Every day, Daily Average",511,293,889
"1074","Traffic Zone 02047","978","Traffic Zone 02021","5/27/2019 - 5/27/2019, Every day, Daily Average",355,276,455
"1074","Traffic Zone 02047","979","Traffic Zone 06004","5/27/2019 - 5/27/2019, Every day, Daily Average",565,418,763
"1074","Traffic Zone 02047","980","Traffic Zone 02020","5/27/2019 - 5/27/2019, Every day, Daily Average",338,236,482
"1074","Traffic Zone 02047","981","Traffic Zone 02100","5/27/2019 - 5/27/2019, Every day, Daily Average",383,287,510
"1074","Traffic Zone 02047","982","Traffic Zone 02112","5/27/2019 - 5/27/2019, Every day, Daily Average",307,224,419
"1074","Traffic Zone 02047","983","Traffic Zone 06108","5/27/2019 - 5/27/2019, Every day, Daily Average",736,588,920
"1074","Traffic Zone 02047","984","Traffic Zone 05001","5/27/2019 - 5/27/2019, Every day, Daily Average",576,513,646
"1074","Traffic Zone 02047","985","Traffic Zone 01003","5/27/2019 - 5/27/2019, Every day, Daily Average",168,120,233
"1074","Traffic Zone 02047","986","Traffic Zone 02114","5/27/2019 - 5/27/2019, Every day, Daily Average",475,377,597
"1074","Traffic Zone 02047","987","Traffic Zone 31001","5/27/2019 - 5/27/2019, Every day, Daily Average",156,112,217
"1074","Traffic Zone 02047","988","Traffic Zone 02025","5/27/2019 - 5/27/2019, Every day, Daily Average",138,100,189
"1074","Traffic Zone 02047","989","Traffic Zone 02026","5/27/2019 - 5/27/2019, Every day, Daily Average",306,166,560
"1074","Traffic Zone 02047","990","Traffic Zone 02022","5/27/2019 - 5/27/2019, Every day, Daily Average",261,192,354
"1074","Traffic Zone 02047","991","Traffic Zone 36002","5/27/2019 - 5/27/2019, Every day, Daily Average",824,632,1072
"1074","Traffic Zone 02047","992","Traffic Zone 02097","5/27/2019 - 5/27/2019, Every day, Daily Average",458,390,536
"1074","Traffic Zone 02047","993","Traffic Zone 13004","5/27/2019 - 5/27/2019, Every day, Daily Average",1056,870,1280
"1074","Traffic Zone 02047","994","Traffic Zone 02098","5/27/2019 - 5/27/2019, Every day, Daily Average",444,356,553
"1074","Traffic Zone 02047","995","Traffic Zone 32008","5/27/2019 - 5/27/2019, Every day, Daily Average",485,338,694
"1074","Traffic Zone 02047","996","Traffic Zone 06008","5/27/2019 - 5/27/2019, Every day, Daily Average",432,320,582
"1074","Traffic Zone 02047","997","Traffic Zone 06119","5/27/2019 - 5/27/2019, Every day, Daily Average",888,698,1129
"1074","Traffic Zone 02047","998","Traffic Zone 06118","5/27/2019 - 5/27/2019, Every day, Daily Average",827,695,982
"1074","Traffic Zone 02047","999","Traffic Zone 02113","5/27/2019 - 5/27/2019, Every day, Daily Average",403,284,571
"1074","Traffic Zone 02047","1000","Traffic Zone 06125","5/27/2019 - 5/27/2019, Every day, Daily Average",1149,876,1506
"1074","Traffic Zone 02047","1001","Traffic Zone 02029","5/27/2019 - 5/27/2019, Every day, Daily Average",347,253,474
"1074","Traffic Zone 02047","1002","Traffic Zone 32010","5/27/2019 - 5/27/2019, Every day, Daily Average",416,290,596
"1074","Traffic Zone 02047","1003","Traffic Zone 32009","5/27/2019 - 5/27/2019, Every day, Daily Average",534,341,835
"1074","Traffic Zone 02047","1004","Traffic Zone 02030","5/27/2019 - 5/27/2019, Every day, Daily Average",315,174,568
"1074","Traffic Zone 02047","1005","Traffic Zone 31005","5/27/2019 - 5/27/2019, Every day, Daily Average",463,318,672
"1074","Traffic Zone 02047","1006","Traffic Zone 01008","5/27/2019 - 5/27/2019, Every day, Daily Average",414,299,571
"1074","Traffic Zone 02047","1007","Traffic Zone 06007","5/27/2019 - 5/27/2019, Every day, Daily Average",399,287,554
"1074","Traffic Zone 02047","1008","Traffic Zone 06111","5/27/2019 - 5/27/2019, Every day, Daily Average",682,554,838
"1074","Traffic Zone 02047","1009","Traffic Zone 02099","5/27/2019 - 5/27/2019, Every day, Daily Average",791,476,1314
"1074","Traffic Zone 02047","1010","Traffic Zone 01004","5/27/2019 - 5/27/2019, Every day, Daily Average",365,232,572
"1074","Traffic Zone 02047","1011","Traffic Zone 01005","5/27/2019 - 5/27/2019, Every day, Daily Average",310,193,497
"1074","Traffic Zone 02047","1012","Traffic Zone 02032","5/27/2019 - 5/27/2019, Every day, Daily Average",102,68,152
"1074","Traffic Zone 02047","1013","Traffic Zone 02031","5/27/2019 - 5/27/2019, Every day, Daily Average",115,82,161
"1074","Traffic Zone 02047","1014","Traffic Zone 36001","5/27/2019 - 5/27/2019, Every day, Daily Average",515,390,678
"1074","Traffic Zone 02047","1015","Traffic Zone 06140","5/27/2019 - 5/27/2019, Every day, Daily Average",1320,1122,1552
"1074","Traffic Zone 02047","1016","Traffic Zone 06005","5/27/2019 - 5/27/2019, Every day, Daily Average",330,249,436
"1074","Traffic Zone 02047","1017","Traffic Zone 06129","5/27/2019 - 5/27/2019, Every day, Daily Average",1239,1077,1424
"1074","Traffic Zone 02047","1018","Traffic Zone 02033","5/27/2019 - 5/27/2019, Every day, Daily Average",211,146,303
"1074","Traffic Zone 02047","1019","Traffic Zone 06006","5/27/2019 - 5/27/2019, Every day, Daily Average",472,360,618
"1074","Traffic Zone 02047","1020","Traffic Zone 06139","5/27/2019 - 5/27/2019, Every day, Daily Average",1291,1167,1427
"1074","Traffic Zone 02047","1021","Traffic Zone 06120","5/27/2019 - 5/27/2019, Every day, Daily Average",771,644,922
"1074","Traffic Zone 02047","1022","Traffic Zone 02034","5/27/2019 - 5/27/2019, Every day, Daily Average",319,224,452
"1074","Traffic Zone 02047","1023","Traffic Zone 01009","5/27/2019 - 5/27/2019, Every day, Daily Average",394,265,584
"1074","Traffic Zone 02047","1024","Traffic Zone 01011","5/27/2019 - 5/27/2019, Every day, Daily Average",387,222,671
"1074","Traffic Zone 02047","1025","Traffic Zone 31002","5/27/2019 - 5/27/2019, Every day, Daily Average",344,191,618
"1074","Traffic Zone 02047","1026","Traffic Zone 02101","5/27/2019 - 5/27/2019, Every day, Daily Average",524,353,777
"1074","Traffic Zone 02047","1027","Traffic Zone 13026","5/27/2019 - 5/27/2019, Every day, Daily Average",1198,1050,1365
"1074","Traffic Zone 02047","1029","Traffic Zone 01010","5/27/2019 - 5/27/2019, Every day, Daily Average",296,161,543
"1074","Traffic Zone 02047","1030","Traffic Zone 01013","5/27/2019 - 5/27/2019, Every day, Daily Average",362,125,1043
"1074","Traffic Zone 02047","1031","Traffic Zone 01014","5/27/2019 - 5/27/2019, Every day, Daily Average",263,178,386
"1074","Traffic Zone 02047","1032","Traffic Zone 01017","5/27/2019 - 5/27/2019, Every day, Daily Average",169,74,382
"1074","Traffic Zone 02047","1034","Traffic Zone 01012","5/27/2019 - 5/27/2019, Every day, Daily Average",278,184,419
"1074","Traffic Zone 02047","1035","Traffic Zone 02042","5/27/2019 - 5/27/2019, Every day, Daily Average",205,137,305
"1074","Traffic Zone 02047","1036","Traffic Zone 32012","5/27/2019 - 5/27/2019, Every day, Daily Average",567,379,847
"1074","Traffic Zone 02047","1037","Traffic Zone 02107","5/27/2019 - 5/27/2019, Every day, Daily Average",264,179,389
"1074","Traffic Zone 02047","1038","Traffic Zone 31003","5/27/2019 - 5/27/2019, Every day, Daily Average",247,126,481
"1074","Traffic Zone 02047","1039","Traffic Zone 02041","5/27/2019 - 5/27/2019, Every day, Daily Average",237,170,328
"1074","Traffic Zone 02047","1040","Traffic Zone 02039","5/27/2019 - 5/27/2019, Every day, Daily Average",356,242,522
"1074","Traffic Zone 02047","1041","Traffic Zone 06141","5/27/2019 - 5/27/2019, Every day, Daily Average",1357,1161,1585
"1074","Traffic Zone 02047","1042","Traffic Zone 05002","5/27/2019 - 5/27/2019, Every day, Daily Average",727,651,811
"1074","Traffic Zone 02047","1043","Traffic Zone 02040","5/27/2019 - 5/27/2019, Every day, Daily Average",455,289,715
"1074","Traffic Zone 02047","1044","Traffic Zone 02037","5/27/2019 - 5/27/2019, Every day, Daily Average",394,223,694
"1074","Traffic Zone 02047","1045","Traffic Zone 06009","5/27/2019 - 5/27/2019, Every day, Daily Average",507,393,653
"1074","Traffic Zone 02047","1046","Traffic Zone 01015","5/27/2019 - 5/27/2019, Every day, Daily Average",201,101,396
"1074","Traffic Zone 02047","1047","Traffic Zone 05003","5/27/2019 - 5/27/2019, Every day, Daily Average",821,594,1134
"1074","Traffic Zone 02047","1048","Traffic Zone 01016","5/27/2019 - 5/27/2019, Every day, Daily Average",301,138,653
"1074","Traffic Zone 02047","1049","Traffic Zone 02036","5/27/2019 - 5/27/2019, Every day, Daily Average",79,54,115
"1074","Traffic Zone 02047","1050","Traffic Zone 32007","5/27/2019 - 5/27/2019, Every day, Daily Average",80,54,116
"1074","Traffic Zone 02047","1051","Traffic Zone 02035","5/27/2019 - 5/27/2019, Every day, Daily Average",349,216,562
"1074","Traffic Zone 02047","1053","Traffic Zone 01020","5/27/2019 - 5/27/2019, Every day, Daily Average",206,107,395
"1074","Traffic Zone 02047","1054","Traffic Zone 06126","5/27/2019 - 5/27/2019, Every day, Daily Average",978,805,1188
"1074","Traffic Zone 02047","1055","Traffic Zone 01019","5/27/2019 - 5/27/2019, Every day, Daily Average",159,85,295
"1074","Traffic Zone 02047","1056","Traffic Zone 31006","5/27/2019 - 5/27/2019, Every day, Daily Average",118,43,321
"1074","Traffic Zone 02047","1057","Traffic Zone 02038","5/27/2019 - 5/27/2019, Every day, Daily Average",426,291,622
"1074","Traffic Zone 02047","1058","Traffic Zone 02103","5/27/2019 - 5/27/2019, Every day, Daily Average",750,461,1219
"1074","Traffic Zone 02047","1059","Traffic Zone 06113","5/27/2019 - 5/27/2019, Every day, Daily Average",708,562,890
"1074","Traffic Zone 02047","1060","Traffic Zone 31004","5/27/2019 - 5/27/2019, Every day, Daily Average",120,55,261
"1074","Traffic Zone 02047","1061","Traffic Zone 01022","5/27/2019 - 5/27/2019, Every day, Daily Average",57,37,87
"1074","Traffic Zone 02047","1062","Traffic Zone 06130","5/27/2019 - 5/27/2019, Every day, Daily Average",1050,906,1216
"1074","Traffic Zone 02047","1063","Traffic Zone 01018","5/27/2019 - 5/27/2019, Every day, Daily Average",99,49,196
"1074","Traffic Zone 02047","1064","Traffic Zone 02045","5/27/2019 - 5/27/2019, Every day, Daily Average",165,87,311
"1074","Traffic Zone 02047","1065","Traffic Zone 01021","5/27/2019 - 5/27/2019, Every day, Daily Average",44,28,69
"1074","Traffic Zone 02047","1066","Traffic Zone 13009","5/27/2019 - 5/27/2019, Every day, Daily Average",1154,1112,1197
"1074","Traffic Zone 02047","1067","Traffic Zone 02053","5/27/2019 - 5/27/2019, Every day, Daily Average",184,124,272
"1074","Traffic Zone 02047","1068","Traffic Zone 06010","5/27/2019 - 5/27/2019, Every day, Daily Average",241,171,338
"1074","Traffic Zone 02047","1069","Traffic Zone 06173","5/27/2019 - 5/27/2019, Every day, Daily Average",305,219,424
"1074","Traffic Zone 02047","1070","Traffic Zone 02043","5/27/2019 - 5/27/2019, Every day, Daily Average",170,104,275
"1074","Traffic Zone 02047","1071","Traffic Zone 02102","5/27/2019 - 5/27/2019, Every day, Daily Average",703,417,1182
"1074","Traffic Zone 02047","1072","Traffic Zone 02046","5/27/2019 - 5/27/2019, Every day, Daily Average",62,32,118
"1074","Traffic Zone 02047","1073","Traffic Zone 06131","5/27/2019 - 5/27/2019, Every day, Daily Average",1122,986,1275
"1074","Traffic Zone 02047","1074","Traffic Zone 02047","5/27/2019 - 5/27/2019, Every day, Daily Average",279,46,1684
"1074","Traffic Zone 02047","1075","Traffic Zone 02048","5/27/2019 - 5/27/2019, Every day, Daily Average",32,19,53
"1074","Traffic Zone 02047","1076","Traffic Zone 02049","5/27/2019 - 5/27/2019, Every day, Daily Average",66,36,120
"1074","Traffic Zone 02047","1077","Traffic Zone 02050","5/27/2019 - 5/27/2019, Every day, Daily Average",93,56,153
"1074","Traffic Zone 02047","1078","Traffic Zone 02051","5/27/2019 - 5/27/2019, Every day, Daily Average",125,81,192
"1074","Traffic Zone 02047","1079","Traffic Zone 02104","5/27/2019 - 5/27/2019, Every day, Daily Average",928,695,1238
"1074","Traffic Zone 02047","1080","Traffic Zone 02061","5/27/2019 - 5/27/2019, Every day, Daily Average",387,271,550
"1074","Traffic Zone 02047","1081","Traffic Zone 05019","5/27/2019 - 5/27/2019, Every day, Daily Average",887,648,1212
"1074","Traffic Zone 02047","1082","Traffic Zone 02044","5/27/2019 - 5/27/2019, Every day, Daily Average",116,72,186
"1074","Traffic Zone 02047","1083","Traffic Zone 13010","5/27/2019 - 5/27/2019, Every day, Daily Average",1084,1018,1154
"1074","Traffic Zone 02047","1084","Traffic Zone 06170","5/27/2019 - 5/27/2019, Every day, Daily Average",601,435,830
"1074","Traffic Zone 02047","1085","Traffic Zone 02060","5/27/2019 - 5/27/2019, Every day, Daily Average",107,55,204
"1074","Traffic Zone 02047","1086","Traffic Zone 06142","5/27/2019 - 5/27/2019, Every day, Daily Average",1207,1078,1351
"1074","Traffic Zone 02047","1087","Traffic Zone 05022","5/27/2019 - 5/27/2019, Every day, Daily Average",900,656,1234
"1074","Traffic Zone 02047","1088","Traffic Zone 02052","5/27/2019 - 5/27/2019, Every day, Daily Average",155,105,227
"1074","Traffic Zone 02047","1089","Traffic Zone 32014","5/27/2019 - 5/27/2019, Every day, Daily Average",158,90,275
"1074","Traffic Zone 02047","1090","Traffic Zone 13025","5/27/2019 - 5/27/2019, Every day, Daily Average",1545,1355,1761
"1074","Traffic Zone 02047","1091","Traffic Zone 02055","5/27/2019 - 5/27/2019, Every day, Daily Average",290,216,388
"1074","Traffic Zone 02047","1092","Traffic Zone 02106","5/27/2019 - 5/27/2019, Every day, Daily Average",462,292,729
"1074","Traffic Zone 02047","1093","Traffic Zone 13027","5/27/2019 - 5/27/2019, Every day, Daily Average",1351,1152,1583
"1074","Traffic Zone 02047","1094","Traffic Zone 06165","5/27/2019 - 5/27/2019, Every day, Daily Average",799,639,998
"1074","Traffic Zone 02047","1095","Traffic Zone 06134","5/27/2019 - 5/27/2019, Every day, Daily Average",1065,918,1235
"1074","Traffic Zone 02047","1096","Traffic Zone 02105","5/27/2019 - 5/27/2019, Every day, Daily Average",628,413,952
"1074","Traffic Zone 02047","1097","Traffic Zone 02059","5/27/2019 - 5/27/2019, Every day, Daily Average",240,98,584
"1074","Traffic Zone 02047","1098","Traffic Zone 06168","5/27/2019 - 5/27/2019, Every day, Daily Average",688,563,839
"1074","Traffic Zone 02047","1099","Traffic Zone 06169","5/27/2019 - 5/27/2019, Every day, Daily Average",696,569,849
"1074","Traffic Zone 02047","1100","Traffic Zone 02056","5/27/2019 - 5/27/2019, Every day, Daily Average",300,193,465
"1074","Traffic Zone 02047","1101","Traffic Zone 02058","5/27/2019 - 5/27/2019, Every day, Daily Average",48,33,68
"1074","Traffic Zone 02047","1102","Traffic Zone 02054","5/27/2019 - 5/27/2019, Every day, Daily Average",364,266,498
"1074","Traffic Zone 02047","1103","Traffic Zone 05020","5/27/2019 - 5/27/2019, Every day, Daily Average",916,827,1014
"1074","Traffic Zone 02047","1104","Traffic Zone 06135","5/27/2019 - 5/27/2019, Every day, Daily Average",1125,944,1340
"1074","Traffic Zone 02047","1105","Traffic Zone 02095","5/27/2019 - 5/27/2019, Every day, Daily Average",956,658,1388
"1074","Traffic Zone 02047","1106","Traffic Zone 06143","5/27/2019 - 5/27/2019, Every day, Daily Average",1185,996,1409
"1074","Traffic Zone 02047","1107","Traffic Zone 06121","5/27/2019 - 5/27/2019, Every day, Daily Average",732,596,898
"1074","Traffic Zone 02047","1108","Traffic Zone 05021","5/27/2019 - 5/27/2019, Every day, Daily Average",978,730,1308
"1074","Traffic Zone 02047","1109","Traffic Zone 02062","5/27/2019 - 5/27/2019, Every day, Daily Average",504,371,683
"1074","Traffic Zone 02047","1110","Traffic Zone 02063","5/27/2019 - 5/27/2019, Every day, Daily Average",378,256,557
"1074","Traffic Zone 02047","1111","Traffic Zone 13017","5/27/2019 - 5/27/2019, Every day, Daily Average",1217,1053,1406
"1074","Traffic Zone 02047","1113","Traffic Zone 06174","5/27/2019 - 5/27/2019, Every day, Daily Average",529,388,720
"1074","Traffic Zone 02047","1114","Traffic Zone 06171","5/27/2019 - 5/27/2019, Every day, Daily Average",485,341,688
"1074","Traffic Zone 02047","1115","Traffic Zone 06166","5/27/2019 - 5/27/2019, Every day, Daily Average",702,549,897
"1074","Traffic Zone 02047","1116","Traffic Zone 06167","5/27/2019 - 5/27/2019, Every day, Daily Average",717,602,852
"1074","Traffic Zone 02047","1117","Traffic Zone 06172","5/27/2019 - 5/27/2019, Every day, Daily Average",708,503,994
"1074","Traffic Zone 02047","1118","Traffic Zone 02064","5/27/2019 - 5/27/2019, Every day, Daily Average",84,61,114
"1074","Traffic Zone 02047","1120","Traffic Zone 13021","5/27/2019 - 5/27/2019, Every day, Daily Average",1198,1154,1242
"1074","Traffic Zone 02047","1121","Traffic Zone 06122","5/27/2019 - 5/27/2019, Every day, Daily Average",854,684,1065
"1074","Traffic Zone 02047","1122","Traffic Zone 32015","5/27/2019 - 5/27/2019, Every day, Daily Average",443,315,621
"1074","Traffic Zone 02047","1123","Traffic Zone 02073","5/27/2019 - 5/27/2019, Every day, Daily Average",470,321,687
"1074","Traffic Zone 02047","1124","Traffic Zone 02066","5/27/2019 - 5/27/2019, Every day, Daily Average",401,238,674
"1074","Traffic Zone 02047","1125","Traffic Zone 02065","5/27/2019 - 5/27/2019, Every day, Daily Average",424,305,587
"1074","Traffic Zone 02047","1126","Traffic Zone 02096","5/27/2019 - 5/27/2019, Every day, Daily Average",848,617,1163
"1074","Traffic Zone 02047","1127","Traffic Zone 13014","5/27/2019 - 5/27/2019, Every day, Daily Average",1421,1329,1518
"1074","Traffic Zone 02047","1128","Traffic Zone 05025","5/27/2019 - 5/27/2019, Every day, Daily Average",1077,871,1331
"1074","Traffic Zone 02047","1129","Traffic Zone 05023","5/27/2019 - 5/27/2019, Every day, Daily Average",1145,918,1426
"1074","Traffic Zone 02047","1131","Traffic Zone 06176","5/27/2019 - 5/27/2019, Every day, Daily Average",374,285,489
"1074","Traffic Zone 02047","1132","Traffic Zone 02057","5/27/2019 - 5/27/2019, Every day, Daily Average",324,221,474
"1074","Traffic Zone 02047","1133","Traffic Zone 05024","5/27/2019 - 5/27/2019, Every day, Daily Average",1041,934,1160
"1074","Traffic Zone 02047","1134","Traffic Zone 02087","5/27/2019 - 5/27/2019, Every day, Daily Average",720,529,978
"1074","Traffic Zone 02047","1135","Traffic Zone 02088","5/27/2019 - 5/27/2019, Every day, Daily Average",663,481,912
"1074","Traffic Zone 02047","1137","Traffic Zone 06144","5/27/2019 - 5/27/2019, Every day, Daily Average",964,789,1177
"1074","Traffic Zone 02047","1138","Traffic Zone 02068","5/27/2019 - 5/27/2019, Every day, Daily Average",585,386,885
"1074","Traffic Zone 02047","1139","Traffic Zone 02086","5/27/2019 - 5/27/2019, Every day, Daily Average",803,555,1161
"1074","Traffic Zone 02047","1140","Traffic Zone 02094","5/27/2019 - 5/27/2019, Every day, Daily Average",869,699,1079
"1074","Traffic Zone 02047","1141","Traffic Zone 02067","5/27/2019 - 5/27/2019, Every day, Daily Average",125,98,157
"1074","Traffic Zone 02047","1142","Traffic Zone 02089","5/27/2019 - 5/27/2019, Every day, Daily Average",591,426,818
"1074","Traffic Zone 02047","1143","Traffic Zone 02069","5/27/2019 - 5/27/2019, Every day, Daily Average",385,201,733
"1074","Traffic Zone 02047","1144","Traffic Zone 06175","5/27/2019 - 5/27/2019, Every day, Daily Average",667,514,864
"1074","Traffic Zone 02047","1145","Traffic Zone 02070","5/27/2019 - 5/27/2019, Every day, Daily Average",440,296,653
"1074","Traffic Zone 02047","1146","Traffic Zone 06160","5/27/2019 - 5/27/2019, Every day, Daily Average",562,462,682
"1074","Traffic Zone 02047","1147","Traffic Zone 06146","5/27/2019 - 5/27/2019, Every day, Daily Average",412,318,532
"1074","Traffic Zone 02047","1148","Traffic Zone 06145","5/27/2019 - 5/27/2019, Every day, Daily Average",468,372,587
"1074","Traffic Zone 02047","1149","Traffic Zone 02084","5/27/2019 - 5/27/2019, Every day, Daily Average",606,418,876
"1074","Traffic Zone 02047","1150","Traffic Zone 02071","5/27/2019 - 5/27/2019, Every day, Daily Average",531,375,750
"1074","Traffic Zone 02047","1152","Traffic Zone 06162","5/27/2019 - 5/27/2019, Every day, Daily Average",690,567,838
"1074","Traffic Zone 02047","1153","Traffic Zone 02085","5/27/2019 - 5/27/2019, Every day, Daily Average",463,335,639
"1074","Traffic Zone 02047","1154","Traffic Zone 02072","5/27/2019 - 5/27/2019, Every day, Daily Average",661,460,948
"1074","Traffic Zone 02047","1155","Traffic Zone 02075","5/27/2019 - 5/27/2019, Every day, Daily Average",690,516,921
"1074","Traffic Zone 02047","1156","Traffic Zone 02076","5/27/2019 - 5/27/2019, Every day, Daily Average",809,524,1248
"1074","Traffic Zone 02047","1157","Traffic Zone 05027","5/27/2019 - 5/27/2019, Every day, Daily Average",1017,834,1239
"1074","Traffic Zone 02047","1158","Traffic Zone 32016","5/27/2019 - 5/27/2019, Every day, Daily Average",176,137,224
"1074","Traffic Zone 02047","1160","Traffic Zone 02083","5/27/2019 - 5/27/2019, Every day, Daily Average",514,367,719
"1074","Traffic Zone 02047","1161","Traffic Zone 05115","5/27/2019 - 5/27/2019, Every day, Daily Average",395,278,560
"1074","Traffic Zone 02047","1162","Traffic Zone 02074","5/27/2019 - 5/27/2019, Every day, Daily Average",348,210,575
"1074","Traffic Zone 02047","1163","Traffic Zone 06164","5/27/2019 - 5/27/2019, Every day, Daily Average",810,648,1012
"1074","Traffic Zone 02047","1166","Traffic Zone 06152","5/27/2019 - 5/27/2019, Every day, Daily Average",914,746,1118
"1074","Traffic Zone 02047","1167","Traffic Zone 06153","5/27/2019 - 5/27/2019, Every day, Daily Average",961,814,1134
"1074","Traffic Zone 02047","1169","Traffic Zone 06155","5/27/2019 - 5/27/2019, Every day, Daily Average",1049,891,1233
"1074","Traffic Zone 02047","1171","Traffic Zone 06161","5/27/2019 - 5/27/2019, Every day, Daily Average",845,686,1040
"1074","Traffic Zone 02047","1173","Traffic Zone 06154","5/27/2019 - 5/27/2019, Every day, Daily Average",999,853,1169
"1074","Traffic Zone 02047","1174","Traffic Zone 06148","5/27/2019 - 5/27/2019, Every day, Daily Average",707,554,902
"1074","Traffic Zone 02047","1175","Traffic Zone 05117","5/27/2019 - 5/27/2019, Every day, Daily Average",504,371,683
"1074","Traffic Zone 02047","1176","Traffic Zone 05029","5/27/2019 - 5/27/2019, Every day, Daily Average",1465,1174,1827
"1074","Traffic Zone 02047","1177","Traffic Zone 09006","5/27/2019 - 5/27/2019, Every day, Daily Average",1148,990,1330
"1074","Traffic Zone 02047","1178","Traffic Zone 06150","5/27/2019 - 5/27/2019, Every day, Daily Average",831,659,1047
"1074","Traffic Zone 02047","1179","Traffic Zone 05026","5/27/2019 - 5/27/2019, Every day, Daily Average",935,781,1117
"1074","Traffic Zone 02047","1180","Traffic Zone 02092","5/27/2019 - 5/27/2019, Every day, Daily Average",627,457,858
"1074","Traffic Zone 02047","1181","Traffic Zone 05114","5/27/2019 - 5/27/2019, Every day, Daily Average",520,357,756
"1074","Traffic Zone 02047","1182","Traffic Zone 02082","5/27/2019 - 5/27/2019, Every day, Daily Average",209,170,256
"1074","Traffic Zone 02047","1184","Traffic Zone 02090","5/27/2019 - 5/27/2019, Every day, Daily Average",913,674,1235
"1074","Traffic Zone 02047","1186","Traffic Zone 05008","5/27/2019 - 5/27/2019, Every day, Daily Average",1320,1072,1624
"1074","Traffic Zone 02047","1188","Traffic Zone 05009","5/27/2019 - 5/27/2019, Every day, Daily Average",1316,1029,1682
"1074","Traffic Zone 02047","1189","Traffic Zone 02091","5/27/2019 - 5/27/2019, Every day, Daily Average",778,582,1038
"1074","Traffic Zone 02047","1190","Traffic Zone 05116","5/27/2019 - 5/27/2019, Every day, Daily Average",691,520,917
"1074","Traffic Zone 02047","1193","Traffic Zone 02093","5/27/2019 - 5/27/2019, Every day, Daily Average",832,609,1135
"1074","Traffic Zone 02047","1194","Traffic Zone 06147","5/27/2019 - 5/27/2019, Every day, Daily Average",855,687,1062
"1074","Traffic Zone 02047","1195","Traffic Zone 02080","5/27/2019 - 5/27/2019, Every day, Daily Average",682,494,939
"1074","Traffic Zone 02047","1197","Traffic Zone 06163","5/27/2019 - 5/27/2019, Every day, Daily Average",1018,794,1304
"1074","Traffic Zone 02047","1198","Traffic Zone 02081","5/27/2019 - 5/27/2019, Every day, Daily Average",266,222,318
"1074","Traffic Zone 02047","1199","Traffic Zone 06149","5/27/2019 - 5/27/2019, Every day, Daily Average",863,737,1009
"1074","Traffic Zone 02047","1203","Traffic Zone 06158","5/27/2019 - 5/27/2019, Every day, Daily Average",1427,1100,1850
"1074","Traffic Zone 02047","1204","Traffic Zone 05119","5/27/2019 - 5/27/2019, Every day, Daily Average",843,637,1114
"1074","Traffic Zone 02047","1205","Traffic Zone 05113","5/27/2019 - 5/27/2019, Every day, Daily Average",548,359,835
"1074","Traffic Zone 02047","1206","Traffic Zone 02079","5/27/2019 - 5/27/2019, Every day, Daily Average",317,238,421
"1074","Traffic Zone 02047","1207","Traffic Zone 02077","5/27/2019 - 5/27/2019, Every day, Daily Average",776,612,982
"1074","Traffic Zone 02047","1208","Traffic Zone 35001","5/27/2019 - 5/27/2019, Every day, Daily Average",370,316,432
"1074","Traffic Zone 02047","1210","Traffic Zone 05030","5/27/2019 - 5/27/2019, Every day, Daily Average",1421,1184,1704
"1074","Traffic Zone 02047","1211","Traffic Zone 06157","5/27/2019 - 5/27/2019, Every day, Daily Average",1281,1050,1561
"1074","Traffic Zone 02047","1213","Traffic Zone 09012","5/27/2019 - 5/27/2019, Every day, Daily Average",1263,1093,1458
"1074","Traffic Zone 02047","1214","Traffic Zone 05006","5/27/2019 - 5/27/2019, Every day, Daily Average",1517,1306,1762
"1074","Traffic Zone 02047","1216","Traffic Zone 05039","5/27/2019 - 5/27/2019, Every day, Daily Average",1135,936,1375
"1074","Traffic Zone 02047","1217","Traffic Zone 09013","5/27/2019 - 5/27/2019, Every day, Daily Average",1219,1054,1408
"1074","Traffic Zone 02047","1219","Traffic Zone 05036","5/27/2019 - 5/27/2019, Every day, Daily Average",1204,1042,1390
"1074","Traffic Zone 02047","1221","Traffic Zone 05110","5/27/2019 - 5/27/2019, Every day, Daily Average",322,274,377
"1074","Traffic Zone 02047","1222","Traffic Zone 09019","5/27/2019 - 5/27/2019, Every day, Daily Average",1370,1192,1573
"1074","Traffic Zone 02047","1223","Traffic Zone 06151","5/27/2019 - 5/27/2019, Every day, Daily Average",1393,1088,1782
"1074","Traffic Zone 02047","1224","Traffic Zone 35002","5/27/2019 - 5/27/2019, Every day, Daily Average",457,387,538
"1074","Traffic Zone 02047","1225","Traffic Zone 05034","5/27/2019 - 5/27/2019, Every day, Daily Average",1243,1014,1523
"1074","Traffic Zone 02047","1226","Traffic Zone 09015","5/27/2019 - 5/27/2019, Every day, Daily Average",1314,1165,1481
"1074","Traffic Zone 02047","1227","Traffic Zone 05105","5/27/2019 - 5/27/2019, Every day, Daily Average",625,455,857
"1074","Traffic Zone 02047","1229","Traffic Zone 05111","5/27/2019 - 5/27/2019, Every day, Daily Average",353,295,422
"1074","Traffic Zone 02047","1231","Traffic Zone 02078","5/27/2019 - 5/27/2019, Every day, Daily Average",377,307,461
"1074","Traffic Zone 02047","1233","Traffic Zone 05106","5/27/2019 - 5/27/2019, Every day, Daily Average",647,513,815
"1074","Traffic Zone 02047","1234","Traffic Zone 05118","5/27/2019 - 5/27/2019, Every day, Daily Average",970,715,1315
"1074","Traffic Zone 02047","1235","Traffic Zone 05120","5/27/2019 - 5/27/2019, Every day, Daily Average",881,718,1079
"1074","Traffic Zone 02047","1236","Traffic Zone 05122","5/27/2019 - 5/27/2019, Every day, Daily Average",903,683,1192
"1074","Traffic Zone 02047","1237","Traffic Zone 05032","5/27/2019 - 5/27/2019, Every day, Daily Average",1247,941,1651
"1074","Traffic Zone 02047","1238","Traffic Zone 05112","5/27/2019 - 5/27/2019, Every day, Daily Average",536,376,763
"1074","Traffic Zone 02047","1239","Traffic Zone 05035","5/27/2019 - 5/27/2019, Every day, Daily Average",1301,1074,1575
"1074","Traffic Zone 02047","1241","Traffic Zone 05037","5/27/2019 - 5/27/2019, Every day, Daily Average",1498,1190,1884
"1074","Traffic Zone 02047","1242","Traffic Zone 05010","5/27/2019 - 5/27/2019, Every day, Daily Average",1534,1276,1843
"1074","Traffic Zone 02047","1243","Traffic Zone 09020","5/27/2019 - 5/27/2019, Every day, Daily Average",1513,1357,1686
"1074","Traffic Zone 02047","1244","Traffic Zone 05107","5/27/2019 - 5/27/2019, Every day, Daily Average",718,577,892
"1074","Traffic Zone 02047","1245","Traffic Zone 09022","5/27/2019 - 5/27/2019, Every day, Daily Average",1527,1293,1803
"1074","Traffic Zone 02047","1248","Traffic Zone 05077","5/27/2019 - 5/27/2019, Every day, Daily Average",948,734,1222
"1074","Traffic Zone 02047","1249","Traffic Zone 11002","5/27/2019 - 5/27/2019, Every day, Daily Average",621,512,752
"1074","Traffic Zone 02047","1250","Traffic Zone 11001","5/27/2019 - 5/27/2019, Every day, Daily Average",579,452,741
"1074","Traffic Zone 02047","1251","Traffic Zone 11006","5/27/2019 - 5/27/2019, Every day, Daily Average",427,333,546
"1074","Traffic Zone 02047","1253","Traffic Zone 11008","5/27/2019 - 5/27/2019, Every day, Daily Average",694,540,890
"1074","Traffic Zone 02047","1254","Traffic Zone 11009","5/27/2019 - 5/27/2019, Every day, Daily Average",855,683,1069
"1074","Traffic Zone 02047","1255","Traffic Zone 11027","5/27/2019 - 5/27/2019, Every day, Daily Average",1187,924,1523
"1074","Traffic Zone 02047","1258","Traffic Zone 10022","5/27/2019 - 5/27/2019, Every day, Daily Average",1400,1185,1652
"1074","Traffic Zone 02047","1260","Traffic Zone 05121","5/27/2019 - 5/27/2019, Every day, Daily Average",1101,805,1504
"1074","Traffic Zone 02047","1261","Traffic Zone 05033","5/27/2019 - 5/27/2019, Every day, Daily Average",1079,856,1359
"1074","Traffic Zone 02047","1262","Traffic Zone 09032","5/27/2019 - 5/27/2019, Every day, Daily Average",1380,1312,1450
"1074","Traffic Zone 02047","1263","Traffic Zone 11026","5/27/2019 - 5/27/2019, Every day, Daily Average",1120,916,1368
"1074","Traffic Zone 02047","1264","Traffic Zone 09024","5/27/2019 - 5/27/2019, Every day, Daily Average",1676,1447,1941
"1074","Traffic Zone 02047","1268","Traffic Zone 05038","5/27/2019 - 5/27/2019, Every day, Daily Average",1184,949,1475
"1074","Traffic Zone 02047","1269","Traffic Zone 05011","5/27/2019 - 5/27/2019, Every day, Daily Average",1433,1187,1728
"1074","Traffic Zone 02047","1270","Traffic Zone 11010","5/27/2019 - 5/27/2019, Every day, Daily Average",905,703,1164
"1074","Traffic Zone 02047","1271","Traffic Zone 11007","5/27/2019 - 5/27/2019, Every day, Daily Average",482,389,596
"1074","Traffic Zone 02047","1272","Traffic Zone 09025","5/27/2019 - 5/27/2019, Every day, Daily Average",1717,1526,1931
"1074","Traffic Zone 02047","1274","Traffic Zone 09023","5/27/2019 - 5/27/2019, Every day, Daily Average",1520,1282,1801
"1074","Traffic Zone 02047","1275","Traffic Zone 05098","5/27/2019 - 5/27/2019, Every day, Daily Average",1232,1081,1403
"1074","Traffic Zone 02047","1276","Traffic Zone 05109","5/27/2019 - 5/27/2019, Every day, Daily Average",721,528,983
"1074","Traffic Zone 02047","1277","Traffic Zone 05086","5/27/2019 - 5/27/2019, Every day, Daily Average",968,775,1208
"1074","Traffic Zone 02047","1278","Traffic Zone 11005","5/27/2019 - 5/27/2019, Every day, Daily Average",611,438,852
"1074","Traffic Zone 02047","1284","Traffic Zone 11011","5/27/2019 - 5/27/2019, Every day, Daily Average",733,637,842
"1074","Traffic Zone 02047","1285","Traffic Zone 05061","5/27/2019 - 5/27/2019, Every day, Daily Average",775,584,1026
"1074","Traffic Zone 02047","1287","Traffic Zone 05085","5/27/2019 - 5/27/2019, Every day, Daily Average",898,836,963
"1074","Traffic Zone 02047","1289","Traffic Zone 05084","5/27/2019 - 5/27/2019, Every day, Daily Average",1027,847,1244
"1074","Traffic Zone 02047","1290","Traffic Zone 05088","5/27/2019 - 5/27/2019, Every day, Daily Average",1246,917,1692
"1074","Traffic Zone 02047","1292","Traffic Zone 05078","5/27/2019 - 5/27/2019, Every day, Daily Average",820,617,1088
"1074","Traffic Zone 02047","1294","Traffic Zone 11004","5/27/2019 - 5/27/2019, Every day, Daily Average",631,474,838
"1074","Traffic Zone 02047","1295","Traffic Zone 11012","5/27/2019 - 5/27/2019, Every day, Daily Average",524,420,653
"1074","Traffic Zone 02047","1296","Traffic Zone 11003","5/27/2019 - 5/27/2019, Every day, Daily Average",863,623,1194
"1074","Traffic Zone 02047","1297","Traffic Zone 05080","5/27/2019 - 5/27/2019, Every day, Daily Average",824,677,1001
"1074","Traffic Zone 02047","1298","Traffic Zone 05079","5/27/2019 - 5/27/2019, Every day, Daily Average",775,617,972
"1074","Traffic Zone 02047","1299","Traffic Zone 11021","5/27/2019 - 5/27/2019, Every day, Daily Average",1058,989,1131
"1074","Traffic Zone 02047","1300","Traffic Zone 11020","5/27/2019 - 5/27/2019, Every day, Daily Average",917,788,1066
"1074","Traffic Zone 02047","1301","Traffic Zone 05063","5/27/2019 - 5/27/2019, Every day, Daily Average",912,694,1197
"1074","Traffic Zone 02047","1304","Traffic Zone 10004","5/27/2019 - 5/27/2019, Every day, Daily Average",1518,1451,1587
"1074","Traffic Zone 02047","1307","Traffic Zone 05081","5/27/2019 - 5/27/2019, Every day, Daily Average",981,839,1145
"1074","Traffic Zone 02047","1311","Traffic Zone 11038","5/27/2019 - 5/27/2019, Every day, Daily Average",906,664,1234
"1074","Traffic Zone 02047","1313","Traffic Zone 11013","5/27/2019 - 5/27/2019, Every day, Daily Average",938,794,1108
"1074","Traffic Zone 02047","1314","Traffic Zone 11033","5/27/2019 - 5/27/2019, Every day, Daily Average",689,560,846
"1074","Traffic Zone 02047","1320","Traffic Zone 11037","5/27/2019 - 5/27/2019, Every day, Daily Average",823,668,1013
"1074","Traffic Zone 02047","1321","Traffic Zone 05089","5/27/2019 - 5/27/2019, Every day, Daily Average",1385,1132,1694
"1074","Traffic Zone 02047","1325","Traffic Zone 05062","5/27/2019 - 5/27/2019, Every day, Daily Average",1121,878,1431
"1074","Traffic Zone 02047","1326","Traffic Zone 11016","5/27/2019 - 5/27/2019, Every day, Daily Average",640,507,807
"1074","Traffic Zone 02047","1330","Traffic Zone 05066","5/27/2019 - 5/27/2019, Every day, Daily Average",919,699,1206
"1074","Traffic Zone 02047","1332","Traffic Zone 11036","5/27/2019 - 5/27/2019, Every day, Daily Average",1094,839,1425
"1074","Traffic Zone 02047","1333","Traffic Zone 11024","5/27/2019 - 5/27/2019, Every day, Daily Average",941,859,1029
"1074","Traffic Zone 02047","1334","Traffic Zone 11014","5/27/2019 - 5/27/2019, Every day, Daily Average",689,545,869
"1074","Traffic Zone 02047","1336","Traffic Zone 11017","5/27/2019 - 5/27/2019, Every day, Daily Average",729,614,865
"1074","Traffic Zone 02047","1337","Traffic Zone 05071","5/27/2019 - 5/27/2019, Every day, Daily Average",1161,897,1502
"1074","Traffic Zone 02047","1338","Traffic Zone 05072","5/27/2019 - 5/27/2019, Every day, Daily Average",1049,836,1314
"1074","Traffic Zone 02047","1339","Traffic Zone 05082","5/27/2019 - 5/27/2019, Every day, Daily Average",861,765,967
"1074","Traffic Zone 02047","1340","Traffic Zone 10024","5/27/2019 - 5/27/2019, Every day, Daily Average",1643,1525,1769
"1074","Traffic Zone 02047","1343","Traffic Zone 05065","5/27/2019 - 5/27/2019, Every day, Daily Average",1155,934,1427
"1074","Traffic Zone 02047","1346","Traffic Zone 05064","5/27/2019 - 5/27/2019, Every day, Daily Average",1166,959,1416
"1074","Traffic Zone 02047","1347","Traffic Zone 11031","5/27/2019 - 5/27/2019, Every day, Daily Average",764,637,914
"1074","Traffic Zone 02047","1349","Traffic Zone 11018","5/27/2019 - 5/27/2019, Every day, Daily Average",720,578,895
"1074","Traffic Zone 02047","1351","Traffic Zone 05090","5/27/2019 - 5/27/2019, Every day, Daily Average",984,834,1159
"1074","Traffic Zone 02047","1353","Traffic Zone 11039","5/27/2019 - 5/27/2019, Every day, Daily Average",902,712,1142
"1074","Traffic Zone 02047","1354","Traffic Zone 11015","5/27/2019 - 5/27/2019, Every day, Daily Average",921,667,1270
"1074","Traffic Zone 02047","1357","Traffic Zone 11030","5/27/2019 - 5/27/2019, Every day, Daily Average",775,687,873
"1074","Traffic Zone 02047","1364","Traffic Zone 11019","5/27/2019 - 5/27/2019, Every day, Daily Average",899,721,1120
"1074","Traffic Zone 02047","1365","Traffic Zone 11034","5/27/2019 - 5/27/2019, Every day, Daily Average",834,781,890
"1074","Traffic Zone 02047","1366","Traffic Zone 11055","5/27/2019 - 5/27/2019, Every day, Daily Average",1060,764,1469
"1074","Traffic Zone 02047","1367","Traffic Zone 11040","5/27/2019 - 5/27/2019, Every day, Daily Average",1001,858,1166
"1074","Traffic Zone 02047","1368","Traffic Zone 10025","5/27/2019 - 5/27/2019, Every day, Daily Average",1762,1633,1900
"1074","Traffic Zone 02047","1370","Traffic Zone 11056","5/27/2019 - 5/27/2019, Every day, Daily Average",941,807,1096
"1074","Traffic Zone 02047","1372","Traffic Zone 05068","5/27/2019 - 5/27/2019, Every day, Daily Average",1124,870,1451
"1074","Traffic Zone 02047","1373","Traffic Zone 05091","5/27/2019 - 5/27/2019, Every day, Daily Average",981,904,1064
"1074","Traffic Zone 02047","1375","Traffic Zone 11054","5/27/2019 - 5/27/2019, Every day, Daily Average",837,749,935
"1074","Traffic Zone 02047","1377","Traffic Zone 05074","5/27/2019 - 5/27/2019, Every day, Daily Average",1051,920,1199
"1074","Traffic Zone 02047","1378","Traffic Zone 05073","5/27/2019 - 5/27/2019, Every day, Daily Average",1079,934,1245
"1074","Traffic Zone 02047","1383","Traffic Zone 11058","5/27/2019 - 5/27/2019, Every day, Daily Average",965,835,1115
"1074","Traffic Zone 02047","1385","Traffic Zone 05092","5/27/2019 - 5/27/2019, Every day, Daily Average",1045,983,1110
"1074","Traffic Zone 02047","1386","Traffic Zone 10012","5/27/2019 - 5/27/2019, Every day, Daily Average",1625,1208,2185
"1074","Traffic Zone 02047","1388","Traffic Zone 11035","5/27/2019 - 5/27/2019, Every day, Daily Average",990,924,1060
"1074","Traffic Zone 02047","1393","Traffic Zone 10015","5/27/2019 - 5/27/2019, Every day, Daily Average",1346,1101,1644
"1074","Traffic Zone 02047","1395","Traffic Zone 12006","5/27/2019 - 5/27/2019, Every day, Daily Average",1206,1116,1302
"1074","Traffic Zone 02047","1396","Traffic Zone 11041","5/27/2019 - 5/27/2019, Every day, Daily Average",1095,984,1217
"1074","Traffic Zone 02047","1397","Traffic Zone 11042","5/27/2019 - 5/27/2019, Every day, Daily Average",1066,957,1186
"1074","Traffic Zone 02047","1399","Traffic Zone 05069","5/27/2019 - 5/27/2019, Every day, Daily Average",1101,1019,1189
"1074","Traffic Zone 02047","1400","Traffic Zone 10008","5/27/2019 - 5/27/2019, Every day, Daily Average",969,877,1069
"1074","Traffic Zone 02047","1403","Traffic Zone 05070","5/27/2019 - 5/27/2019, Every day, Daily Average",1107,1041,1176
"1074","Traffic Zone 02047","1407","Traffic Zone 10019","5/27/2019 - 5/27/2019, Every day, Daily Average",1266,1169,1370
"1074","Traffic Zone 02047","1408","Traffic Zone 11059","5/27/2019 - 5/27/2019, Every day, Daily Average",1139,879,1475
"1074","Traffic Zone 02047","1411","Traffic Zone 11060","5/27/2019 - 5/27/2019, Every day, Daily Average",1031,742,1431
"1074","Traffic Zone 02047","1412","Traffic Zone 05059","5/27/2019 - 5/27/2019, Every day, Daily Average",1122,1070,1175
"1074","Traffic Zone 02047","1423","Traffic Zone 10009","5/27/2019 - 5/27/2019, Every day, Daily Average",1031,947,1122
"1074","Traffic Zone 02047","1424","Traffic Zone 05058","5/27/2019 - 5/27/2019, Every day, Daily Average",1162,1109,1216
"1074","Traffic Zone 02047","1428","Traffic Zone 10040","5/27/2019 - 5/27/2019, Every day, Daily Average",1259,1090,1453
"1074","Traffic Zone 02047","1429","Traffic Zone 05057","5/27/2019 - 5/27/2019, Every day, Daily Average",1155,1101,1211
"1074","Traffic Zone 02047","1430","Traffic Zone 12011","5/27/2019 - 5/27/2019, Every day, Daily Average",1291,1193,1396
"1074","Traffic Zone 02047","1431","Traffic Zone 10011","5/27/2019 - 5/27/2019, Every day, Daily Average",1081,1022,1142
"1074","Traffic Zone 02047","1432","Traffic Zone 10016","5/27/2019 - 5/27/2019, Every day, Daily Average",1257,1070,1476
"1074","Traffic Zone 02047","1434","Traffic Zone 11048","5/27/2019 - 5/27/2019, Every day, Daily Average",1233,828,1835
"1074","Traffic Zone 02047","1438","Traffic Zone 15024","5/27/2019 - 5/27/2019, Every day, Daily Average",1245,1171,1323
"1074","Traffic Zone 02047","1443","Traffic Zone 15025","5/27/2019 - 5/27/2019, Every day, Daily Average",1238,1184,1293
"1074","Traffic Zone 02047","1446","Traffic Zone 12009","5/27/2019 - 5/27/2019, Every day, Daily Average",1399,1318,1483
"1074","Traffic Zone 02047","1451","Traffic Zone 10058","5/27/2019 - 5/27/2019, Every day, Daily Average",1162,1088,1240
"1074","Traffic Zone 02047","1454","Traffic Zone 10059","5/27/2019 - 5/27/2019, Every day, Daily Average",1246,1168,1328
"1074","Traffic Zone 02047","1455","Traffic Zone 15020","5/27/2019 - 5/27/2019, Every day, Daily Average",1437,1327,1554
"1074","Traffic Zone 02047","1457","Traffic Zone 12013","5/27/2019 - 5/27/2019, Every day, Daily Average",1468,1371,1571
"1074","Traffic Zone 02047","1458","Traffic Zone 12038","5/27/2019 - 5/27/2019, Every day, Daily Average",1583,1492,1678
"1074","Traffic Zone 02047","1459","Traffic Zone 12012","5/27/2019 - 5/27/2019, Every day, Daily Average",1530,1442,1622
"1074","Traffic Zone 02047","1460","Traffic Zone 11049","5/27/2019 - 5/27/2019, Every day, Daily Average",1448,1239,1691
"1074","Traffic Zone 02047","1468","Traffic Zone 10041","5/27/2019 - 5/27/2019, Every day, Daily Average",1428,1257,1621
"1074","Traffic Zone 02047","1482","Traffic Zone 10062","5/27/2019 - 5/27/2019, Every day, Daily Average",1298,1198,1405
"1074","Traffic Zone 02047","1490","Traffic Zone 12023","5/27/2019 - 5/27/2019, Every day, Daily Average",1605,1508,1707
"1074","Traffic Zone 02047","1495","Traffic Zone 10063","5/27/2019 - 5/27/2019, Every day, Daily Average",1336,1265,1410
"1074","Traffic Zone 02047","1503","Traffic Zone 15016","5/27/2019 - 5/27/2019, Every day, Daily Average",1631,1528,1740
"1074","Traffic Zone 02047","1504","Traffic Zone 10050","5/27/2019 - 5/27/2019, Every day, Daily Average",1494,1413,1579
"1074","Traffic Zone 02047","1521","Traffic Zone 10065","5/27/2019 - 5/27/2019, Every day, Daily Average",1422,1338,1510
"1074","Traffic Zone 02047","1529","Traffic Zone 10071","5/27/2019 - 5/27/2019, Every day, Daily Average",1598,1492,1710
"1074","Traffic Zone 02047","1533","Traffic Zone 15018","5/27/2019 - 5/27/2019, Every day, Daily Average",1735,1657,1816
"1074","Traffic Zone 02047","1542","Traffic Zone 15031","5/27/2019 - 5/27/2019, Every day, Daily Average",1857,1775,1941