"Origin Movement ID","Origin Display Name","Destination Movement ID","Destination Display Name","Date Range","Mean Travel Time (Seconds)","Range - Lower Bound Travel Time (Seconds)","Range - Upper Bound Travel Time (Seconds)"
"1116","Harborwalk, Waterfront, Boston","3","0 Flaherty Way, D Street / West Broadway, Boston","10/15/2016 - 10/15/2016, Every day, Daily Average",572,353,925
"1116","Harborwalk, Waterfront, Boston","5","0 Queensberry Street, Fenway/Kenmore, Boston","10/15/2016 - 10/15/2016, Every day, Daily Average",760,508,1136
"1116","Harborwalk, Waterfront, Boston","13","200 Liberty Street, Braintree","10/15/2016 - 10/15/2016, Every day, Daily Average",1254,965,1628
"1116","Harborwalk, Waterfront, Boston","14","400 Cushing Street, Hingham","10/15/2016 - 10/15/2016, Every day, Daily Average",1543,1131,2103
"1116","Harborwalk, Waterfront, Boston","16","100 Kenrick Street, Oak Square, Boston","10/15/2016 - 10/15/2016, Every day, Daily Average",1442,1147,1812
"1116","Harborwalk, Waterfront, Boston","17","0 Maggi Road, Revere","10/15/2016 - 10/15/2016, Every day, Daily Average",835,599,1163
"1116","Harborwalk, Waterfront, Boston","18","0 Lake Street, Billerica","10/15/2016 - 10/15/2016, Every day, Daily Average",1613,1363,1907
"1116","Harborwalk, Waterfront, Boston","19","200 Ocean Street, Lynn","10/15/2016 - 10/15/2016, Every day, Daily Average",1507,1191,1906
"1116","Harborwalk, Waterfront, Boston","20","0 Florence Street, Everett","10/15/2016 - 10/15/2016, Every day, Daily Average",920,713,1186
"1116","Harborwalk, Waterfront, Boston","21","0 Canal Lane, Somerville","10/15/2016 - 10/15/2016, Every day, Daily Average",450,252,802
"1116","Harborwalk, Waterfront, Boston","27","100 Inner Belt Road, Inner Belt, Somerville","10/15/2016 - 10/15/2016, Every day, Daily Average",336,154,732
"1116","Harborwalk, Waterfront, Boston","28","0 Lincoln Road, Brookline","10/15/2016 - 10/15/2016, Every day, Daily Average",1340,986,1819
"1116","Harborwalk, Waterfront, Boston","29","100 Crosby Street, Arlington","10/15/2016 - 10/15/2016, Every day, Daily Average",907,699,1175
"1116","Harborwalk, Waterfront, Boston","32","0 Gainsborough Street, Fenway/Kenmore, Boston","10/15/2016 - 10/15/2016, Every day, Daily Average",878,595,1295
"1116","Harborwalk, Waterfront, Boston","33","200 Prospect Avenue, Revere","10/15/2016 - 10/15/2016, Every day, Daily Average",702,451,1090
"1116","Harborwalk, Waterfront, Boston","37","0 Perrin Street, Roxbury, Boston","10/15/2016 - 10/15/2016, Every day, Daily Average",899,580,1391
"1116","Harborwalk, Waterfront, Boston","38","McLean Street, Belmont","10/15/2016 - 10/15/2016, Every day, Daily Average",1369,1182,1585
"1116","Harborwalk, Waterfront, Boston","40","0 Aycliffe Road, Swampscott","10/15/2016 - 10/15/2016, Every day, Daily Average",1626,1345,1964
"1116","Harborwalk, Waterfront, Boston","41","200 Sumner Street, East Boston, Boston","10/15/2016 - 10/15/2016, Every day, Daily Average",266,118,597
"1116","Harborwalk, Waterfront, Boston","46","300 River Street, Cambridgeport, Cambridge","10/15/2016 - 10/15/2016, Every day, Daily Average",1023,706,1482
"1116","Harborwalk, Waterfront, Boston","47","200 Huntington Avenue, Prudential / St. Botolph, Boston","10/15/2016 - 10/15/2016, Every day, Daily Average",923,615,1384
"1116","Harborwalk, Waterfront, Boston","48","100 Gove Street, East Boston, Boston","10/15/2016 - 10/15/2016, Every day, Daily Average",372,224,616
"1116","Harborwalk, Waterfront, Boston","51","0 Peterborough Street, West Fens, Boston","10/15/2016 - 10/15/2016, Every day, Daily Average",750,470,1195
"1116","Harborwalk, Waterfront, Boston","52","0 Berkshire Street, Wellington-Harrington, Cambridge","10/15/2016 - 10/15/2016, Every day, Daily Average",829,568,1209
"1116","Harborwalk, Waterfront, Boston","53","600 Commonwealth Avenue, Fenway/Kenmore, Boston","10/15/2016 - 10/15/2016, Every day, Daily Average",728,474,1117
"1116","Harborwalk, Waterfront, Boston","54","0 Binney Street, Arefth, Cambridge","10/15/2016 - 10/15/2016, Every day, Daily Average",719,457,1130
"1116","Harborwalk, Waterfront, Boston","58","100 Summit Avenue, Corey Hill, Brookline","10/15/2016 - 10/15/2016, Every day, Daily Average",1148,849,1550
"1116","Harborwalk, Waterfront, Boston","59","300 Shea Memorial Drive, SouthField, Weymouth","10/15/2016 - 10/15/2016, Every day, Daily Average",1727,1180,2526
"1116","Harborwalk, Waterfront, Boston","60","Pilgrims Highway, Weymouth","10/15/2016 - 10/15/2016, Every day, Daily Average",1448,1085,1932
"1116","Harborwalk, Waterfront, Boston","62","200 Pond Street, Avon","10/15/2016 - 10/15/2016, Every day, Daily Average",1761,1351,2294
"1116","Harborwalk, Waterfront, Boston","65","0 Glen Road, Reading","10/15/2016 - 10/15/2016, Every day, Daily Average",1193,1026,1386
"1116","Harborwalk, Waterfront, Boston","67","0 Nightingale Lane, Salem","10/15/2016 - 10/15/2016, Every day, Daily Average",2269,1792,2872
"1116","Harborwalk, Waterfront, Boston","68","100 Beacon Street, Back Bay East, Boston","10/15/2016 - 10/15/2016, Every day, Daily Average",562,331,952
"1116","Harborwalk, Waterfront, Boston","69","0 Burrill Avenue, Lynn","10/15/2016 - 10/15/2016, Every day, Daily Average",1487,1223,1806
"1116","Harborwalk, Waterfront, Boston","72","0 Stonington Street, North Andover","10/15/2016 - 10/15/2016, Every day, Daily Average",1810,1470,2228
"1116","Harborwalk, Waterfront, Boston","78","0 John Street, Woburn","10/15/2016 - 10/15/2016, Every day, Daily Average",1146,859,1528
"1116","Harborwalk, Waterfront, Boston","79","Massachusetts State House, Beacon Hill, Boston","10/15/2016 - 10/15/2016, Every day, Daily Average",249,85,723
"1116","Harborwalk, Waterfront, Boston","80","0 Bussell Road, West Medford, Medford","10/15/2016 - 10/15/2016, Every day, Daily Average",651,457,926
"1116","Harborwalk, Waterfront, Boston","82","100 Private Alley 527, South End, Boston","10/15/2016 - 10/15/2016, Every day, Daily Average",837,579,1209
"1116","Harborwalk, Waterfront, Boston","83","0 Golden Drive, Winthrop","10/15/2016 - 10/15/2016, Every day, Daily Average",959,691,1330
"1116","Harborwalk, Waterfront, Boston","89","0 Cottage Street, Lynn","10/15/2016 - 10/15/2016, Every day, Daily Average",1267,999,1605
"1116","Harborwalk, Waterfront, Boston","92","Southeast Expressway, Quincy","10/15/2016 - 10/15/2016, Every day, Daily Average",1003,702,1431
"1116","Harborwalk, Waterfront, Boston","94","300 Marlborough Street, Back Bay, Boston","10/15/2016 - 10/15/2016, Every day, Daily Average",739,485,1125
"1116","Harborwalk, Waterfront, Boston","95","0 G Street, South Boston, Boston","10/15/2016 - 10/15/2016, Every day, Daily Average",756,516,1105
"1116","Harborwalk, Waterfront, Boston","97","300 Bishops Forest Drive, Waltham","10/15/2016 - 10/15/2016, Every day, Daily Average",1664,1486,1863
"1116","Harborwalk, Waterfront, Boston","98","100 Suffolk Road, Chestnut Hill, Newton","10/15/2016 - 10/15/2016, Every day, Daily Average",1560,1220,1993
"1116","Harborwalk, Waterfront, Boston","105","100 Columbia Street, The Port, Cambridge","10/15/2016 - 10/15/2016, Every day, Daily Average",999,724,1376
"1116","Harborwalk, Waterfront, Boston","113","0 McKinley Road, Salem","10/15/2016 - 10/15/2016, Every day, Daily Average",2066,1692,2521
"1116","Harborwalk, Waterfront, Boston","114","600 Western Avenue, Lynn","10/15/2016 - 10/15/2016, Every day, Daily Average",1373,1061,1775
"1116","Harborwalk, Waterfront, Boston","118","0 County Way Extension, Beverly","10/15/2016 - 10/15/2016, Every day, Daily Average",1999,1527,2615
"1116","Harborwalk, Waterfront, Boston","120","0 Cherrywood Circle, Andover","10/15/2016 - 10/15/2016, Every day, Daily Average",1494,1293,1725
"1116","Harborwalk, Waterfront, Boston","127","200 Vinton Street, Melrose","10/15/2016 - 10/15/2016, Every day, Daily Average",1167,858,1586
"1116","Harborwalk, Waterfront, Boston","128","100 Glen Street, Malden","10/15/2016 - 10/15/2016, Every day, Daily Average",932,694,1250
"1116","Harborwalk, Waterfront, Boston","129","0 Glendale Street, Everett","10/15/2016 - 10/15/2016, Every day, Daily Average",936,723,1210
"1116","Harborwalk, Waterfront, Boston","130","0 Cambria Street, Spring Hill, Somerville","10/15/2016 - 10/15/2016, Every day, Daily Average",934,655,1331
"1116","Harborwalk, Waterfront, Boston","131","2000 Massachusetts Avenue, North Cambridge, Cambridge","10/15/2016 - 10/15/2016, Every day, Daily Average",1224,824,1816
"1116","Harborwalk, Waterfront, Boston","132","0 Townsend Road, Belmont","10/15/2016 - 10/15/2016, Every day, Daily Average",1357,1011,1820
"1116","Harborwalk, Waterfront, Boston","134","Yankee Division Highway, Waltham","10/15/2016 - 10/15/2016, Every day, Daily Average",1661,1394,1978
"1116","Harborwalk, Waterfront, Boston","135","100 Orchard Street, Watertown","10/15/2016 - 10/15/2016, Every day, Daily Average",1355,1098,1670
"1116","Harborwalk, Waterfront, Boston","136","200 Adams Avenue, West Newton, Newton","10/15/2016 - 10/15/2016, Every day, Daily Average",1257,993,1590
"1116","Harborwalk, Waterfront, Boston","140","100 Montclair Avenue, Quincy","10/15/2016 - 10/15/2016, Every day, Daily Average",944,637,1397
"1116","Harborwalk, Waterfront, Boston","141","0 Brooks Avenue, Quincy","10/15/2016 - 10/15/2016, Every day, Daily Average",1203,865,1671
"1116","Harborwalk, Waterfront, Boston","144","900 Massachusetts 139, Stoughton","10/15/2016 - 10/15/2016, Every day, Daily Average",1698,1256,2295
"1116","Harborwalk, Waterfront, Boston","150","Monastery Path, Brighton, Boston","10/15/2016 - 10/15/2016, Every day, Daily Average",1300,988,1708
"1116","Harborwalk, Waterfront, Boston","151","300 Commercial Street, North End, Boston","10/15/2016 - 10/15/2016, Every day, Daily Average",219,81,585
"1116","Harborwalk, Waterfront, Boston","152","400 Border Street, East Boston, Boston","10/15/2016 - 10/15/2016, Every day, Daily Average",562,370,852
"1116","Harborwalk, Waterfront, Boston","153","200 Marginal Street, Jeffries Point, Boston","10/15/2016 - 10/15/2016, Every day, Daily Average",469,276,794
"1116","Harborwalk, Waterfront, Boston","154","700 Washington Street, Downtown, Boston","10/15/2016 - 10/15/2016, Every day, Daily Average",500,301,829
"1116","Harborwalk, Waterfront, Boston","155","100 West Springfield Street, South End, Boston","10/15/2016 - 10/15/2016, Every day, Daily Average",717,480,1070
"1116","Harborwalk, Waterfront, Boston","156","0 Academy Road, Roxbury, Boston","10/15/2016 - 10/15/2016, Every day, Daily Average",1073,778,1478
"1116","Harborwalk, Waterfront, Boston","157","100 Train Street, Dorchester, Boston","10/15/2016 - 10/15/2016, Every day, Daily Average",1051,765,1443
"1116","Harborwalk, Waterfront, Boston","158","100 Sycamore Street, Roslindale, Boston","10/15/2016 - 10/15/2016, Every day, Daily Average",1385,1161,1650
"1116","Harborwalk, Waterfront, Boston","159","0 Congress Avenue, Chelsea","10/15/2016 - 10/15/2016, Every day, Daily Average",722,463,1124
"1116","Harborwalk, Waterfront, Boston","160","0 Franklin Place, Revere","10/15/2016 - 10/15/2016, Every day, Daily Average",671,470,956
"1116","Harborwalk, Waterfront, Boston","167","0 Miner Street, Fenway/Kenmore, Boston","10/15/2016 - 10/15/2016, Every day, Daily Average",836,559,1249
"1116","Harborwalk, Waterfront, Boston","182","0 The Greenway, Swampscott","10/15/2016 - 10/15/2016, Every day, Daily Average",1763,1470,2114
"1116","Harborwalk, Waterfront, Boston","183","0 Western Avenue, Lynn","10/15/2016 - 10/15/2016, Every day, Daily Average",1792,1430,2244
"1116","Harborwalk, Waterfront, Boston","184","0 South Street, Lynn","10/15/2016 - 10/15/2016, Every day, Daily Average",1244,993,1558
"1116","Harborwalk, Waterfront, Boston","199","0 Burlington Street, Woburn","10/15/2016 - 10/15/2016, Every day, Daily Average",1268,922,1742
"1116","Harborwalk, Waterfront, Boston","200","100 Orange Street, Reading","10/15/2016 - 10/15/2016, Every day, Daily Average",1003,778,1291
"1116","Harborwalk, Waterfront, Boston","201","0 Cleveland Street, Melrose","10/15/2016 - 10/15/2016, Every day, Daily Average",1008,752,1349
"1116","Harborwalk, Waterfront, Boston","202","0 Girard Road, Winchester","10/15/2016 - 10/15/2016, Every day, Daily Average",1120,856,1464
"1116","Harborwalk, Waterfront, Boston","203","0 Hall Street, Medford","10/15/2016 - 10/15/2016, Every day, Daily Average",464,286,751
"1116","Harborwalk, Waterfront, Boston","204","0 Mohan Street, Everett","10/15/2016 - 10/15/2016, Every day, Daily Average",1047,808,1355
"1116","Harborwalk, Waterfront, Boston","205","0 Cutler Street, Magoun Square, Somerville","10/15/2016 - 10/15/2016, Every day, Daily Average",840,583,1208
"1116","Harborwalk, Waterfront, Boston","206","0 Claremon Street, Teele Square, Somerville","10/15/2016 - 10/15/2016, Every day, Daily Average",1047,772,1418
"1116","Harborwalk, Waterfront, Boston","207","0 Museum Way, East Cambridge, Cambridge","10/15/2016 - 10/15/2016, Every day, Daily Average",474,227,988
"1116","Harborwalk, Waterfront, Boston","208","0 Jefferson Street, Wellington-Harrington, Cambridge","10/15/2016 - 10/15/2016, Every day, Daily Average",840,587,1200
"1116","Harborwalk, Waterfront, Boston","209","100 Magazine Street, Cambridgeport, Cambridge","10/15/2016 - 10/15/2016, Every day, Daily Average",1024,733,1428
"1116","Harborwalk, Waterfront, Boston","210","0 Cowperthwaite Garage, Cowperthwaite Street, Riverside, Cambridge","10/15/2016 - 10/15/2016, Every day, Daily Average",1086,746,1580
"1116","Harborwalk, Waterfront, Boston","211","0 Haskell Street, North Cambridge, Cambridge","10/15/2016 - 10/15/2016, Every day, Daily Average",1227,912,1649
"1116","Harborwalk, Waterfront, Boston","212","100 Claremont Avenue, Arlington","10/15/2016 - 10/15/2016, Every day, Daily Average",1279,979,1669
"1116","Harborwalk, Waterfront, Boston","213","0 Gorham Road, Belmont","10/15/2016 - 10/15/2016, Every day, Daily Average",1304,1064,1597
"1116","Harborwalk, Waterfront, Boston","215","0 Rose Avenue, Watertown","10/15/2016 - 10/15/2016, Every day, Daily Average",1389,1137,1696
"1116","Harborwalk, Waterfront, Boston","216","200 Cabot Street, Newtonville, Newton","10/15/2016 - 10/15/2016, Every day, Daily Average",1314,1069,1614
"1116","Harborwalk, Waterfront, Boston","220","100 Coolidge Street, North Brookline, Brookline","10/15/2016 - 10/15/2016, Every day, Daily Average",1229,915,1649
"1116","Harborwalk, Waterfront, Boston","221","0 Colbourne Crescent, Aspinwall Hill, Brookline","10/15/2016 - 10/15/2016, Every day, Daily Average",1275,984,1651
"1116","Harborwalk, Waterfront, Boston","222","0 Walnut Place, High Street Hill, Brookline","10/15/2016 - 10/15/2016, Every day, Daily Average",1428,977,2086
"1116","Harborwalk, Waterfront, Boston","223","0 Berkshire Road, Babson Park, Wellesley","10/15/2016 - 10/15/2016, Every day, Daily Average",1817,1446,2282
"1116","Harborwalk, Waterfront, Boston","225","0 Longmeadow Drive, Westwood","10/15/2016 - 10/15/2016, Every day, Daily Average",1810,1324,2473
"1116","Harborwalk, Waterfront, Boston","227","1100 Commonwealth Avenue, Allston, Boston","10/15/2016 - 10/15/2016, Every day, Daily Average",1185,889,1578
"1116","Harborwalk, Waterfront, Boston","228","200 Central Avenue, Milton","10/15/2016 - 10/15/2016, Every day, Daily Average",1259,898,1763
"1116","Harborwalk, Waterfront, Boston","229","100 Main Street, Quincy","10/15/2016 - 10/15/2016, Every day, Daily Average",1457,1157,1834
"1116","Harborwalk, Waterfront, Boston","237","Fall River Expressway, Brockton","10/15/2016 - 10/15/2016, Every day, Daily Average",1951,1524,2497
"1116","Harborwalk, Waterfront, Boston","241","100 Colborne Road, Brighton, Boston","10/15/2016 - 10/15/2016, Every day, Daily Average",1418,1121,1793
"1116","Harborwalk, Waterfront, Boston","242","0 Park Street, Charlestown, Boston","10/15/2016 - 10/15/2016, Every day, Daily Average",393,243,633
"1116","Harborwalk, Waterfront, Boston","243","0 San Juan Street, South End, Boston","10/15/2016 - 10/15/2016, Every day, Daily Average",678,434,1057
"1116","Harborwalk, Waterfront, Boston","244","500 Columbus Avenue, South End, Boston","10/15/2016 - 10/15/2016, Every day, Daily Average",816,569,1168
"1116","Harborwalk, Waterfront, Boston","245","100 Saint Alphonsus Street, Mission Hill, Boston","10/15/2016 - 10/15/2016, Every day, Daily Average",1116,825,1509
"1116","Harborwalk, Waterfront, Boston","246","300 Mount Vernon Street, Dorchester, Boston","10/15/2016 - 10/15/2016, Every day, Daily Average",743,436,1264
"1116","Harborwalk, Waterfront, Boston","247","0 Bowdoin Avenue, Dorchester, Boston","10/15/2016 - 10/15/2016, Every day, Daily Average",1311,950,1808
"1116","Harborwalk, Waterfront, Boston","248","0 Evans Street, West Codman Hill / West Lower Mills, Dorchester Center, Boston","10/15/2016 - 10/15/2016, Every day, Daily Average",1339,913,1962
"1116","Harborwalk, Waterfront, Boston","249","200 River Street, Mattapan, Boston","10/15/2016 - 10/15/2016, Every day, Daily Average",1419,1070,1880
"1116","Harborwalk, Waterfront, Boston","250","0 Gretter Road, West Roxbury, Boston","10/15/2016 - 10/15/2016, Every day, Daily Average",1530,1178,1986
"1116","Harborwalk, Waterfront, Boston","251","0 Grotto Glen Road, Jamaica Plain, Boston","10/15/2016 - 10/15/2016, Every day, Daily Average",1216,905,1633
"1116","Harborwalk, Waterfront, Boston","252","0 Grove Street, West Roxbury, Boston","10/15/2016 - 10/15/2016, Every day, Daily Average",1829,1384,2416
"1116","Harborwalk, Waterfront, Boston","253","0 Kimball Road, Chelsea","10/15/2016 - 10/15/2016, Every day, Daily Average",642,400,1030
"1116","Harborwalk, Waterfront, Boston","254","1200 North Shore Road, Revere","10/15/2016 - 10/15/2016, Every day, Daily Average",920,674,1254
"1116","Harborwalk, Waterfront, Boston","255","Rosedale Avenue, Forest Hills / Woodbourne, Boston","10/15/2016 - 10/15/2016, Every day, Daily Average",1537,1242,1901
"1116","Harborwalk, Waterfront, Boston","261","0 6th Street, Arefth, Cambridge","10/15/2016 - 10/15/2016, Every day, Daily Average",722,485,1074
"1116","Harborwalk, Waterfront, Boston","268","0 Congress Street, Salem","10/15/2016 - 10/15/2016, Every day, Daily Average",2986,2279,3911
"1116","Harborwalk, Waterfront, Boston","270","0 Sugar Hill Circle, Methuen","10/15/2016 - 10/15/2016, Every day, Daily Average",1570,1337,1843
"1116","Harborwalk, Waterfront, Boston","274","0 Jensen Avenue, Chelmsford","10/15/2016 - 10/15/2016, Every day, Daily Average",2058,1730,2447
"1116","Harborwalk, Waterfront, Boston","275","0 Theresa Road, Stoneham","10/15/2016 - 10/15/2016, Every day, Daily Average",1017,789,1310
"1116","Harborwalk, Waterfront, Boston","276","0 Howard Street, Malden","10/15/2016 - 10/15/2016, Every day, Daily Average",851,625,1158
"1116","Harborwalk, Waterfront, Boston","277","0 Edwin H Land Boulevard, East Cambridge, Cambridge","10/15/2016 - 10/15/2016, Every day, Daily Average",607,359,1024
"1116","Harborwalk, Waterfront, Boston","279","200 Seminole Avenue, Lakeview, Waltham","10/15/2016 - 10/15/2016, Every day, Daily Average",1594,1364,1862
"1116","Harborwalk, Waterfront, Boston","280","0 Linder Terrace, Hunnewell Hill, Newton","10/15/2016 - 10/15/2016, Every day, Daily Average",985,729,1329
"1116","Harborwalk, Waterfront, Boston","281","0 Meadowbrook Road, Quincy","10/15/2016 - 10/15/2016, Every day, Daily Average",1245,927,1670
"1116","Harborwalk, Waterfront, Boston","285","100 Foster Street, Brighton, Boston","10/15/2016 - 10/15/2016, Every day, Daily Average",1442,1044,1991
"1116","Harborwalk, Waterfront, Boston","286","0 Border Street, East Boston, Boston","10/15/2016 - 10/15/2016, Every day, Daily Average",204,89,462
"1116","Harborwalk, Waterfront, Boston","287","0 Murray Way, South Boston, Boston","10/15/2016 - 10/15/2016, Every day, Daily Average",812,541,1217
"1116","Harborwalk, Waterfront, Boston","288","0 Wakullah Street, Roxbury, Boston","10/15/2016 - 10/15/2016, Every day, Daily Average",879,604,1278
"1116","Harborwalk, Waterfront, Boston","289","500 Baker Street, West Roxbury, Boston","10/15/2016 - 10/15/2016, Every day, Daily Average",1902,1482,2440
"1116","Harborwalk, Waterfront, Boston","290","100 Tremont Street, Boston","10/15/2016 - 10/15/2016, Every day, Daily Average",372,189,729
"1116","Harborwalk, Waterfront, Boston","293","0 Osgood Street, Salem","10/15/2016 - 10/15/2016, Every day, Daily Average",3062,2565,3654
"1116","Harborwalk, Waterfront, Boston","294","0 Chelsea Street, East Boston, Boston","10/15/2016 - 10/15/2016, Every day, Daily Average",211,106,416
"1116","Harborwalk, Waterfront, Boston","296","0 Cleverly Court, Quincy","10/15/2016 - 10/15/2016, Every day, Daily Average",1527,1255,1856
"1116","Harborwalk, Waterfront, Boston","297","100 Arlington Street, Bay Village, Boston","10/15/2016 - 10/15/2016, Every day, Daily Average",635,378,1066
"1116","Harborwalk, Waterfront, Boston","299","0 Round Hill Street, Jamaica Plain, Boston","10/15/2016 - 10/15/2016, Every day, Daily Average",1176,876,1577
"1116","Harborwalk, Waterfront, Boston","302","0 Leon Street, Fenway/Kenmore, Boston","10/15/2016 - 10/15/2016, Every day, Daily Average",841,543,1300
"1116","Harborwalk, Waterfront, Boston","309","0 Fernwood Drive, Westford","10/15/2016 - 10/15/2016, Every day, Daily Average",2275,1891,2736
"1116","Harborwalk, Waterfront, Boston","310","0 Sharon Street, Malden","10/15/2016 - 10/15/2016, Every day, Daily Average",1100,877,1378
"1116","Harborwalk, Waterfront, Boston","311","800 Monument Street, Concord","10/15/2016 - 10/15/2016, Every day, Daily Average",2071,1666,2574
"1116","Harborwalk, Waterfront, Boston","316","Edgeworth, Charlestown, Boston","10/15/2016 - 10/15/2016, Every day, Daily Average",449,258,779
"1116","Harborwalk, Waterfront, Boston","317","100 Bowen Street, D Street / West Broadway, Boston","10/15/2016 - 10/15/2016, Every day, Daily Average",647,433,964
"1116","Harborwalk, Waterfront, Boston","318","0 Stella Road, Roslindale, Boston","10/15/2016 - 10/15/2016, Every day, Daily Average",1445,1217,1714
"1116","Harborwalk, Waterfront, Boston","320","0 Pleasant Street, North Brookline, Brookline","10/15/2016 - 10/15/2016, Every day, Daily Average",1049,746,1473
"1116","Harborwalk, Waterfront, Boston","328","0 Clinton Street, Everett","10/15/2016 - 10/15/2016, Every day, Daily Average",836,608,1148
"1116","Harborwalk, Waterfront, Boston","329","0 Tyler Street, Ward Two, Somerville","10/15/2016 - 10/15/2016, Every day, Daily Average",860,566,1306
"1116","Harborwalk, Waterfront, Boston","330","100 Vassal Lane, West Cambridge, Cambridge","10/15/2016 - 10/15/2016, Every day, Daily Average",1166,887,1531
"1116","Harborwalk, Waterfront, Boston","331","0 Seaport Drive, Marina Bay, Quincy","10/15/2016 - 10/15/2016, Every day, Daily Average",960,646,1424
"1116","Harborwalk, Waterfront, Boston","333","0 Huntington Avenue, Prudential / St. Botolph, Boston","10/15/2016 - 10/15/2016, Every day, Daily Average",787,484,1278
"1116","Harborwalk, Waterfront, Boston","334","0 Westbourne Street, Roslindale, Boston","10/15/2016 - 10/15/2016, Every day, Daily Average",1707,1358,2145
"1116","Harborwalk, Waterfront, Boston","335","100 Everett Avenue, Chelsea","10/15/2016 - 10/15/2016, Every day, Daily Average",609,361,1025
"1116","Harborwalk, Waterfront, Boston","340","0 Bent Avenue, Cochituate, Wayland","10/15/2016 - 10/15/2016, Every day, Daily Average",1545,1213,1966
"1116","Harborwalk, Waterfront, Boston","341","0 Fountain Avenue, East Somerville, Somerville","10/15/2016 - 10/15/2016, Every day, Daily Average",561,340,925
"1116","Harborwalk, Waterfront, Boston","360","0 Landsdowne Street, MIT, Cambridge","10/15/2016 - 10/15/2016, Every day, Daily Average",856,578,1266
"1116","Harborwalk, Waterfront, Boston","361","0 Hayes Street, Riverside, Cambridge","10/15/2016 - 10/15/2016, Every day, Daily Average",1156,865,1543
"1116","Harborwalk, Waterfront, Boston","362","0 Roberts Road, Mid-Cambridge, Cambridge","10/15/2016 - 10/15/2016, Every day, Daily Average",1213,870,1689
"1116","Harborwalk, Waterfront, Boston","363","0 Channing Street, West Cambridge, Cambridge","10/15/2016 - 10/15/2016, Every day, Daily Average",978,703,1359
"1116","Harborwalk, Waterfront, Boston","364","0 Richard Avenue, North Cambridge, Cambridge","10/15/2016 - 10/15/2016, Every day, Daily Average",1079,764,1522
"1116","Harborwalk, Waterfront, Boston","365","100 Palmer Street, Arlington","10/15/2016 - 10/15/2016, Every day, Daily Average",853,614,1184
"1116","Harborwalk, Waterfront, Boston","366","0 Eastern Avenue, Arlington","10/15/2016 - 10/15/2016, Every day, Daily Average",1225,921,1629
"1116","Harborwalk, Waterfront, Boston","367","0 Pleasant Street, Lexington","10/15/2016 - 10/15/2016, Every day, Daily Average",1391,1100,1758
"1116","Harborwalk, Waterfront, Boston","368","0 Hayden Avenue, Lexington","10/15/2016 - 10/15/2016, Every day, Daily Average",1498,1193,1880
"1116","Harborwalk, Waterfront, Boston","369","200 Waltham Street, Lexington","10/15/2016 - 10/15/2016, Every day, Daily Average",1527,1256,1856
"1116","Harborwalk, Waterfront, Boston","370","100 Old Billerica Road, Bedford","10/15/2016 - 10/15/2016, Every day, Daily Average",1451,1234,1705
"1116","Harborwalk, Waterfront, Boston","385","0 Sandy Pond Road, Lincoln","10/15/2016 - 10/15/2016, Every day, Daily Average",1842,1433,2366
"1116","Harborwalk, Waterfront, Boston","386","800 Sudbury Road, Concord","10/15/2016 - 10/15/2016, Every day, Daily Average",2145,1706,2696
"1116","Harborwalk, Waterfront, Boston","391","0 Colonial Way, Weston","10/15/2016 - 10/15/2016, Every day, Daily Average",1258,982,1611
"1116","Harborwalk, Waterfront, Boston","400","400 Slosberg Music Center, South Street, Brandeis, Waltham","10/15/2016 - 10/15/2016, Every day, Daily Average",1497,1202,1863
"1116","Harborwalk, Waterfront, Boston","401","Cottage Street, North Waltham, Waltham","10/15/2016 - 10/15/2016, Every day, Daily Average",1586,1411,1782
"1116","Harborwalk, Waterfront, Boston","402","100 Edward Road, Watertown","10/15/2016 - 10/15/2016, Every day, Daily Average",1244,995,1555
"1116","Harborwalk, Waterfront, Boston","403","0 Rossmere Street, Newtonville, Newton","10/15/2016 - 10/15/2016, Every day, Daily Average",1054,787,1411
"1116","Harborwalk, Waterfront, Boston","404","200 Herrick Road, Newton Centre, Newton","10/15/2016 - 10/15/2016, Every day, Daily Average",1636,1346,1987
"1116","Harborwalk, Waterfront, Boston","405","Upper Falls Greenway, Newton Highlands, Newton","10/15/2016 - 10/15/2016, Every day, Daily Average",1587,1486,1694
"1116","Harborwalk, Waterfront, Boston","406","100 Oak Street, Natick","10/15/2016 - 10/15/2016, Every day, Daily Average",1618,1209,2164
"1116","Harborwalk, Waterfront, Boston","409","0 Chouteau Avenue, Framingham","10/15/2016 - 10/15/2016, Every day, Daily Average",1559,1333,1822
"1116","Harborwalk, Waterfront, Boston","413","200 Marion Street, Central-Maverick Square / Paris Street, Boston","10/15/2016 - 10/15/2016, Every day, Daily Average",353,170,732
"1116","Harborwalk, Waterfront, Boston","415","0 Pickwick Road, Marblehead","10/15/2016 - 10/15/2016, Every day, Daily Average",1980,1738,2254
"1116","Harborwalk, Waterfront, Boston","418","0 Cauldron Court, Salem","10/15/2016 - 10/15/2016, Every day, Daily Average",2372,1861,3023
"1116","Harborwalk, Waterfront, Boston","419","Poplar Avenue, Lynn","10/15/2016 - 10/15/2016, Every day, Daily Average",1520,1170,1973
"1116","Harborwalk, Waterfront, Boston","420","0 Warren Avenue, Saugus","10/15/2016 - 10/15/2016, Every day, Daily Average",1058,886,1262
"1116","Harborwalk, Waterfront, Boston","424","200 Warren Street, Brookline","10/15/2016 - 10/15/2016, Every day, Daily Average",1630,1161,2287
"1116","Harborwalk, Waterfront, Boston","425","200 Bolton Street, D Street / West Broadway, Boston","10/15/2016 - 10/15/2016, Every day, Daily Average",665,463,954
"1116","Harborwalk, Waterfront, Boston","426","0 Ledgewood Road, Dedham","10/15/2016 - 10/15/2016, Every day, Daily Average",1268,1073,1498
"1116","Harborwalk, Waterfront, Boston","427","400 Charles River Street, Needham","10/15/2016 - 10/15/2016, Every day, Daily Average",1766,1554,2006
"1116","Harborwalk, Waterfront, Boston","430","300 Central Street, Saugus","10/15/2016 - 10/15/2016, Every day, Daily Average",989,705,1387
"1116","Harborwalk, Waterfront, Boston","431","0 East Huckleberry Road, Lynnfield","10/15/2016 - 10/15/2016, Every day, Daily Average",1338,1028,1740
"1116","Harborwalk, Waterfront, Boston","432","0 Irving Street, Peabody","10/15/2016 - 10/15/2016, Every day, Daily Average",1583,1247,2009
"1116","Harborwalk, Waterfront, Boston","433","0 Sherwood Avenue, Danvers","10/15/2016 - 10/15/2016, Every day, Daily Average",1634,1401,1904
"1116","Harborwalk, Waterfront, Boston","435","300 Harrison Avenue, South End, Boston","10/15/2016 - 10/15/2016, Every day, Daily Average",434,214,877
"1116","Harborwalk, Waterfront, Boston","440","0 Ridge Road, Foxborough, Foxborough","10/15/2016 - 10/15/2016, Every day, Daily Average",2186,1835,2603
"1116","Harborwalk, Waterfront, Boston","441","0 Currier Farm Road, Westwood","10/15/2016 - 10/15/2016, Every day, Daily Average",1446,1119,1867
"1116","Harborwalk, Waterfront, Boston","444","0 Cedarcrest Road, Canton","10/15/2016 - 10/15/2016, Every day, Daily Average",1617,1323,1975
"1116","Harborwalk, Waterfront, Boston","445","1400 Canton Avenue, Milton","10/15/2016 - 10/15/2016, Every day, Daily Average",1263,953,1672
"1116","Harborwalk, Waterfront, Boston","446","0 Colby Road, North Quincy, Quincy","10/15/2016 - 10/15/2016, Every day, Daily Average",1082,751,1556
"1116","Harborwalk, Waterfront, Boston","447","0 Murphy Memorial Drive, Quincy","10/15/2016 - 10/15/2016, Every day, Daily Average",1444,1088,1915
"1116","Harborwalk, Waterfront, Boston","448","200 Ricciuti Drive, Quincy","10/15/2016 - 10/15/2016, Every day, Daily Average",958,681,1346
"1116","Harborwalk, Waterfront, Boston","457","0 Sagamore Drive, Andover","10/15/2016 - 10/15/2016, Every day, Daily Average",1741,1379,2197
"1116","Harborwalk, Waterfront, Boston","459","0 Farm Road, Braintree","10/15/2016 - 10/15/2016, Every day, Daily Average",1206,863,1685
"1116","Harborwalk, Waterfront, Boston","460","0 Connell Street, Braintree","10/15/2016 - 10/15/2016, Every day, Daily Average",1395,1106,1758
"1116","Harborwalk, Waterfront, Boston","461","200 King Hill Road, Braintree","10/15/2016 - 10/15/2016, Every day, Daily Average",1197,885,1617
"1116","Harborwalk, Waterfront, Boston","462","Fall River Expressway, Randolph","10/15/2016 - 10/15/2016, Every day, Daily Average",1212,899,1632
"1116","Harborwalk, Waterfront, Boston","464","100 Swan Avenue, South Weymouth, Weymouth","10/15/2016 - 10/15/2016, Every day, Daily Average",1820,1329,2490
"1116","Harborwalk, Waterfront, Boston","465","100 Wingate Road, East Weymouth, Weymouth","10/15/2016 - 10/15/2016, Every day, Daily Average",1623,1398,1883
"1116","Harborwalk, Waterfront, Boston","487","500 Main Street, Medford Street / The Neck, Boston","10/15/2016 - 10/15/2016, Every day, Daily Average",338,169,674
"1116","Harborwalk, Waterfront, Boston","491","0 Haverford Street, Jamaica Plain, Boston","10/15/2016 - 10/15/2016, Every day, Daily Average",1135,854,1508
"1116","Harborwalk, Waterfront, Boston","492","0 Princeton Street, East Boston, Boston","10/15/2016 - 10/15/2016, Every day, Daily Average",474,289,776
"1116","Harborwalk, Waterfront, Boston","493","Allston Street, Brighton, Boston","10/15/2016 - 10/15/2016, Every day, Daily Average",1371,1067,1760
"1116","Harborwalk, Waterfront, Boston","494","0 Glenville Avenue, Allston, Boston","10/15/2016 - 10/15/2016, Every day, Daily Average",1229,949,1591
"1116","Harborwalk, Waterfront, Boston","495","300 Brookline Avenue, Medical Center Area, Boston","10/15/2016 - 10/15/2016, Every day, Daily Average",992,697,1411
"1116","Harborwalk, Waterfront, Boston","496","0 Newbury Street, Back Bay East, Boston","10/15/2016 - 10/15/2016, Every day, Daily Average",694,427,1127
"1116","Harborwalk, Waterfront, Boston","497","0 Blossom Street, West End, Boston","10/15/2016 - 10/15/2016, Every day, Daily Average",340,146,790
"1116","Harborwalk, Waterfront, Boston","498","0 Causeway Street, West End, Boston","10/15/2016 - 10/15/2016, Every day, Daily Average",225,86,587
"1116","Harborwalk, Waterfront, Boston","499","0 Elm Street, Charlestown, Boston","10/15/2016 - 10/15/2016, Every day, Daily Average",525,370,743
"1116","Harborwalk, Waterfront, Boston","500","Tobin Memorial Bridge, Charlestown, Boston","10/15/2016 - 10/15/2016, Every day, Daily Average",472,279,796
"1116","Harborwalk, Waterfront, Boston","501","0 P Street, South Boston, Boston","10/15/2016 - 10/15/2016, Every day, Daily Average",813,557,1184
"1116","Harborwalk, Waterfront, Boston","502","600 East Fifth Street, South Boston, Boston","10/15/2016 - 10/15/2016, Every day, Daily Average",735,520,1037
"1116","Harborwalk, Waterfront, Boston","503","0 Eustis Street, Roxbury, Boston","10/15/2016 - 10/15/2016, Every day, Daily Average",683,447,1042
"1116","Harborwalk, Waterfront, Boston","504","0 Francis Street, Fenway/Kenmore, Boston","10/15/2016 - 10/15/2016, Every day, Daily Average",1084,787,1492
"1116","Harborwalk, Waterfront, Boston","505","100 Harold Street, Roxbury, Boston","10/15/2016 - 10/15/2016, Every day, Daily Average",1171,844,1623
"1116","Harborwalk, Waterfront, Boston","506","0 Schuyler Street, Dorchester, Boston","10/15/2016 - 10/15/2016, Every day, Daily Average",1357,992,1854
"1116","Harborwalk, Waterfront, Boston","507","0 Burrell Street, Roxbury, Boston","10/15/2016 - 10/15/2016, Every day, Daily Average",931,585,1479
"1116","Harborwalk, Waterfront, Boston","508","0 Stoughton Street, Dorchester, Boston","10/15/2016 - 10/15/2016, Every day, Daily Average",821,555,1212
"1116","Harborwalk, Waterfront, Boston","509","0 Homes Avenue, Dorchester, Boston","10/15/2016 - 10/15/2016, Every day, Daily Average",1099,736,1638
"1116","Harborwalk, Waterfront, Boston","510","0 Dakota Street, Dorchester, Dorchester Center, Boston","10/15/2016 - 10/15/2016, Every day, Daily Average",1000,678,1472
"1116","Harborwalk, Waterfront, Boston","511","0 Fairmount Street, Dorchester, Dorchester Center, Boston","10/15/2016 - 10/15/2016, Every day, Daily Average",1185,804,1745
"1116","Harborwalk, Waterfront, Boston","512","1000 Adams Street, Dorchester, Dorchester Center, Boston","10/15/2016 - 10/15/2016, Every day, Daily Average",960,670,1374
"1116","Harborwalk, Waterfront, Boston","521","0 Hosmer Street, Mattapan, Boston","10/15/2016 - 10/15/2016, Every day, Daily Average",1339,957,1871
"1116","Harborwalk, Waterfront, Boston","522","100 Durnell Avenue, Roslindale, Boston","10/15/2016 - 10/15/2016, Every day, Daily Average",1503,1212,1863
"1116","Harborwalk, Waterfront, Boston","523","0 Woodland Road, Jamaica Plain, Boston","10/15/2016 - 10/15/2016, Every day, Daily Average",1369,1009,1857
"1116","Harborwalk, Waterfront, Boston","524","100 Laurie Avenue, Upper Washington / Spring Street, Boston","10/15/2016 - 10/15/2016, Every day, Daily Average",2126,1651,2736
"1116","Harborwalk, Waterfront, Boston","525","0 Parkson Street, Hyde Park, Boston","10/15/2016 - 10/15/2016, Every day, Daily Average",1815,1418,2321
"1116","Harborwalk, Waterfront, Boston","526","0 Orange Street, Chelsea","10/15/2016 - 10/15/2016, Every day, Daily Average",735,484,1115
"1116","Harborwalk, Waterfront, Boston","527","200 Beach Street, Revere","10/15/2016 - 10/15/2016, Every day, Daily Average",744,512,1081
"1116","Harborwalk, Waterfront, Boston","528","0 Short Street, Winthrop","10/15/2016 - 10/15/2016, Every day, Daily Average",774,543,1102
"1116","Harborwalk, Waterfront, Boston","529","0 Circuit Drive, Roxbury, Boston","10/15/2016 - 10/15/2016, Every day, Daily Average",1366,987,1890
"1116","Harborwalk, Waterfront, Boston","530","0 Dry Dock Avenue, Seaport District, Boston","10/15/2016 - 10/15/2016, Every day, Daily Average",611,413,903
"1116","Harborwalk, Waterfront, Boston","532","1100 Livingston Street, North Tewksbury, Tewksbury","10/15/2016 - 10/15/2016, Every day, Daily Average",1801,1524,2127
"1116","Harborwalk, Waterfront, Boston","536","0 Marriott Place, Billerica","10/15/2016 - 10/15/2016, Every day, Daily Average",1717,1468,2007
"1116","Harborwalk, Waterfront, Boston","537","0 Talbot Avenue, North Billerica, Billerica","10/15/2016 - 10/15/2016, Every day, Daily Average",1767,1517,2057
"1116","Harborwalk, Waterfront, Boston","540","Charles River Esplanade, Boston","10/15/2016 - 10/15/2016, Every day, Daily Average",529,255,1095
"1116","Harborwalk, Waterfront, Boston","544","0 Fid Kennedy Avenue, Seaport District, Boston","10/15/2016 - 10/15/2016, Every day, Daily Average",256,92,709
"1116","Harborwalk, Waterfront, Boston","549","0 Boston Street, Prospect Hill, Somerville","10/15/2016 - 10/15/2016, Every day, Daily Average",699,449,1087
"1116","Harborwalk, Waterfront, Boston","560","0 Hidden Pond Lane, North Reading","10/15/2016 - 10/15/2016, Every day, Daily Average",1669,1394,1998
"1116","Harborwalk, Waterfront, Boston","561","100 Wildwood Street, Wilmington","10/15/2016 - 10/15/2016, Every day, Daily Average",1054,832,1335
"1116","Harborwalk, Waterfront, Boston","581","0 Carter Road, Woburn","10/15/2016 - 10/15/2016, Every day, Daily Average",769,579,1020
"1116","Harborwalk, Waterfront, Boston","583","0 Walnut Court, Woburn","10/15/2016 - 10/15/2016, Every day, Daily Average",1099,903,1337
"1116","Harborwalk, Waterfront, Boston","584","0 Mill Road, Melrose","10/15/2016 - 10/15/2016, Every day, Daily Average",1226,961,1563
"1116","Harborwalk, Waterfront, Boston","586","0 Bates Road, Winchester","10/15/2016 - 10/15/2016, Every day, Daily Average",718,527,976
"1116","Harborwalk, Waterfront, Boston","587","100 Rivers Edge Drive, Medford","10/15/2016 - 10/15/2016, Every day, Daily Average",676,432,1055
"1116","Harborwalk, Waterfront, Boston","588","0 Lewis Street, Medford","10/15/2016 - 10/15/2016, Every day, Daily Average",525,355,775
"1116","Harborwalk, Waterfront, Boston","589","0 Clayton Street, Malden","10/15/2016 - 10/15/2016, Every day, Daily Average",1050,851,1295
"1116","Harborwalk, Waterfront, Boston","590","100 Kennedy Drive, Malden","10/15/2016 - 10/15/2016, Every day, Daily Average",920,656,1289
"1116","Harborwalk, Waterfront, Boston","605","800 Washington Street, Lynn","10/15/2016 - 10/15/2016, Every day, Daily Average",1421,1130,1786
"1116","Harborwalk, Waterfront, Boston","613","0 Canal Street, Salem","10/15/2016 - 10/15/2016, Every day, Daily Average",2686,2224,3242
"1116","Harborwalk, Waterfront, Boston","614","0 Winter Island Road, Salem","10/15/2016 - 10/15/2016, Every day, Daily Average",3279,2594,4143
"1116","Harborwalk, Waterfront, Boston","615","0 Bowler Street, Lynn","10/15/2016 - 10/15/2016, Every day, Daily Average",1626,1262,2093
"1116","Harborwalk, Waterfront, Boston","617","700 Lynnway, Lynn","10/15/2016 - 10/15/2016, Every day, Daily Average",1207,942,1545
"1116","Harborwalk, Waterfront, Boston","626","0 McDewell Avenue, Danvers","10/15/2016 - 10/15/2016, Every day, Daily Average",1852,1433,2392
"1116","Harborwalk, Waterfront, Boston","630","0 Johnson Street, Lynn","10/15/2016 - 10/15/2016, Every day, Daily Average",1408,1100,1802
"1116","Harborwalk, Waterfront, Boston","631","0 Central Street, Saugus","10/15/2016 - 10/15/2016, Every day, Daily Average",1119,850,1471
"1116","Harborwalk, Waterfront, Boston","632","0 Lindsay Terrace, Saugus","10/15/2016 - 10/15/2016, Every day, Daily Average",1127,829,1531
"1116","Harborwalk, Waterfront, Boston","633","0 Russet Lane, Lynnfield","10/15/2016 - 10/15/2016, Every day, Daily Average",1253,942,1665
"1116","Harborwalk, Waterfront, Boston","634","Independence Greenway, Peabody","10/15/2016 - 10/15/2016, Every day, Daily Average",1522,1172,1974
"1116","Harborwalk, Waterfront, Boston","635","0 Gemma Drive, South Peabody, Peabody","10/15/2016 - 10/15/2016, Every day, Daily Average",1702,1398,2071
"1116","Harborwalk, Waterfront, Boston","636","0 Spring Road, Nahant","10/15/2016 - 10/15/2016, Every day, Daily Average",1470,1154,1871
"1116","Harborwalk, Waterfront, Boston","637","100 Shelton Road, Swampscott","10/15/2016 - 10/15/2016, Every day, Daily Average",1606,1366,1887
"1116","Harborwalk, Waterfront, Boston","638","0 Leedsville Street, Dorchester, Boston","10/15/2016 - 10/15/2016, Every day, Daily Average",1043,677,1604
"1116","Harborwalk, Waterfront, Boston","641","0 Zaloga Way, Middleton","10/15/2016 - 10/15/2016, Every day, Daily Average",1897,1553,2317
"1116","Harborwalk, Waterfront, Boston","644","0 Dunham Road, Beverly","10/15/2016 - 10/15/2016, Every day, Daily Average",1801,1591,2038
"1116","Harborwalk, Waterfront, Boston","657","Chickering Road, Lawrence","10/15/2016 - 10/15/2016, Every day, Daily Average",1756,1416,2177
"1116","Harborwalk, Waterfront, Boston","659","Loop Connector, Methuen","10/15/2016 - 10/15/2016, Every day, Daily Average",1683,1446,1958
"1116","Harborwalk, Waterfront, Boston","665","0 Welgate Circle, Quincy","10/15/2016 - 10/15/2016, Every day, Daily Average",1113,844,1467
"1116","Harborwalk, Waterfront, Boston","692","600 Webster Street, Needham Heights, Needham","10/15/2016 - 10/15/2016, Every day, Daily Average",1545,1369,1742
"1116","Harborwalk, Waterfront, Boston","695","0 West Hollow, Andover","10/15/2016 - 10/15/2016, Every day, Daily Average",1384,1049,1824
"1116","Harborwalk, Waterfront, Boston","696","0 Lansbury Lane, Andover","10/15/2016 - 10/15/2016, Every day, Daily Average",1480,1201,1823
"1116","Harborwalk, Waterfront, Boston","697","0 Crestwood Drive, Andover","10/15/2016 - 10/15/2016, Every day, Daily Average",1361,1095,1690
"1116","Harborwalk, Waterfront, Boston","699","0 Kennedy Drive, Dedham","10/15/2016 - 10/15/2016, Every day, Daily Average",1356,1148,1601
"1116","Harborwalk, Waterfront, Boston","707","100 Bellevue Road, Quincy","10/15/2016 - 10/15/2016, Every day, Daily Average",1066,701,1620
"1116","Harborwalk, Waterfront, Boston","709","0 Newbury Avenue, North Quincy, Quincy","10/15/2016 - 10/15/2016, Every day, Daily Average",1009,690,1473
"1116","Harborwalk, Waterfront, Boston","710","0 Beal Street, Hingham","10/15/2016 - 10/15/2016, Every day, Daily Average",1925,1714,2160
"1116","Harborwalk, Waterfront, Boston","713","0 Foster Street, Coolidge Corner South Side, Brookline","10/15/2016 - 10/15/2016, Every day, Daily Average",1160,835,1610
"1116","Harborwalk, Waterfront, Boston","718","0 Otis Street, East Somerville, Somerville","10/15/2016 - 10/15/2016, Every day, Daily Average",642,415,990
"1116","Harborwalk, Waterfront, Boston","726","100 Candy Lane, Brockton","10/15/2016 - 10/15/2016, Every day, Daily Average",1949,1501,2529
"1116","Harborwalk, Waterfront, Boston","739","0 Tinson Road, Quincy","10/15/2016 - 10/15/2016, Every day, Daily Average",1070,814,1404
"1116","Harborwalk, Waterfront, Boston","740","0 Brierwood Road, Braintree","10/15/2016 - 10/15/2016, Every day, Daily Average",1068,762,1496
"1116","Harborwalk, Waterfront, Boston","741","300 North Street, North Weymouth, Weymouth","10/15/2016 - 10/15/2016, Every day, Daily Average",1662,1502,1837
"1116","Harborwalk, Waterfront, Boston","747","0 Crestwood Drive, Framingham","10/15/2016 - 10/15/2016, Every day, Daily Average",1705,1462,1987
"1116","Harborwalk, Waterfront, Boston","748","0 Michael Road, Framingham","10/15/2016 - 10/15/2016, Every day, Daily Average",1617,1260,2073
"1116","Harborwalk, Waterfront, Boston","756","0 Taunton Street, Ward Two, Somerville","10/15/2016 - 10/15/2016, Every day, Daily Average",929,628,1372
"1116","Harborwalk, Waterfront, Boston","757","100 Portland Street, The Port, Cambridge","10/15/2016 - 10/15/2016, Every day, Daily Average",822,546,1237
"1116","Harborwalk, Waterfront, Boston","758","0 Antrim Street, Mid-Cambridge, Cambridge","10/15/2016 - 10/15/2016, Every day, Daily Average",1036,751,1427
"1116","Harborwalk, Waterfront, Boston","759","0 Vail Court, Mid-Cambridge, Cambridge","10/15/2016 - 10/15/2016, Every day, Daily Average",1024,732,1430
"1116","Harborwalk, Waterfront, Boston","760","Fairchild Building, MIT, Cambridge","10/15/2016 - 10/15/2016, Every day, Daily Average",743,476,1159
"1116","Harborwalk, Waterfront, Boston","761","0 Oxford Street, Agassiz, Cambridge","10/15/2016 - 10/15/2016, Every day, Daily Average",1282,948,1732
"1116","Harborwalk, Waterfront, Boston","762","0 Dana Place, Mid-Cambridge, Cambridge","10/15/2016 - 10/15/2016, Every day, Daily Average",1153,834,1592
"1116","Harborwalk, Waterfront, Boston","763","100 Brattle Street, West Cambridge, Cambridge","10/15/2016 - 10/15/2016, Every day, Daily Average",1124,772,1634
"1116","Harborwalk, Waterfront, Boston","764","600 Huron Avenue, Strawberry Hill, Cambridge","10/15/2016 - 10/15/2016, Every day, Daily Average",1167,852,1597
"1116","Harborwalk, Waterfront, Boston","765","400 Westfield Street, Dedham","10/15/2016 - 10/15/2016, Every day, Daily Average",1535,1159,2031
"1116","Harborwalk, Waterfront, Boston","767","100 Webster Street, Needham Heights, Needham","10/15/2016 - 10/15/2016, Every day, Daily Average",1619,1237,2118
"1116","Harborwalk, Waterfront, Boston","768","0 Pickerel Terrace, Wellesley","10/15/2016 - 10/15/2016, Every day, Daily Average",2118,1684,2662
"1116","Harborwalk, Waterfront, Boston","769","0 Tappan Road, Wellesley","10/15/2016 - 10/15/2016, Every day, Daily Average",1993,1717,2312
"1116","Harborwalk, Waterfront, Boston","773","0 Sherman Street, Neighborhood Nine, Cambridge","10/15/2016 - 10/15/2016, Every day, Daily Average",1308,1003,1704
"1116","Harborwalk, Waterfront, Boston","774","0 Jackson Street, North Cambridge, Cambridge","10/15/2016 - 10/15/2016, Every day, Daily Average",1213,887,1657
"1116","Harborwalk, Waterfront, Boston","775","0 Milton Street, Arlington","10/15/2016 - 10/15/2016, Every day, Daily Average",1194,848,1679
"1116","Harborwalk, Waterfront, Boston","776","0 Gray Street, Arlington","10/15/2016 - 10/15/2016, Every day, Daily Average",1172,875,1569
"1116","Harborwalk, Waterfront, Boston","777","100 Claflin Street, Belmont","10/15/2016 - 10/15/2016, Every day, Daily Average",1340,982,1827
"1116","Harborwalk, Waterfront, Boston","778","0 Foster Road, Belmont","10/15/2016 - 10/15/2016, Every day, Daily Average",1249,931,1675
"1116","Harborwalk, Waterfront, Boston","779","0 Woodfall Road, Belmont","10/15/2016 - 10/15/2016, Every day, Daily Average",1412,1079,1846
"1116","Harborwalk, Waterfront, Boston","782","0 Mill Street, Foxborough","10/15/2016 - 10/15/2016, Every day, Daily Average",2382,1988,2853
"1116","Harborwalk, Waterfront, Boston","783","200 Cocasset Street, Foxborough","10/15/2016 - 10/15/2016, Every day, Daily Average",2152,1973,2346
"1116","Harborwalk, Waterfront, Boston","784","0 Sandy Valley Drive, Walpole","10/15/2016 - 10/15/2016, Every day, Daily Average",2172,1808,2608
"1116","Harborwalk, Waterfront, Boston","786","0 Richdale Avenue, Everett","10/15/2016 - 10/15/2016, Every day, Daily Average",1008,799,1270
"1116","Harborwalk, Waterfront, Boston","787","700 University Avenue, Norwood","10/15/2016 - 10/15/2016, Every day, Daily Average",1804,1372,2371
"1116","Harborwalk, Waterfront, Boston","788","300 Washington Street, Norwood","10/15/2016 - 10/15/2016, Every day, Daily Average",1992,1443,2748
"1116","Harborwalk, Waterfront, Boston","789","200 Carnegie Row, Norwood","10/15/2016 - 10/15/2016, Every day, Daily Average",1954,1484,2571
"1116","Harborwalk, Waterfront, Boston","791","500 Turnpike Street, Canton","10/15/2016 - 10/15/2016, Every day, Daily Average",1561,1154,2109
"1116","Harborwalk, Waterfront, Boston","792","0 Woodside Drive, Milton","10/15/2016 - 10/15/2016, Every day, Daily Average",1145,812,1613
"1116","Harborwalk, Waterfront, Boston","804","Glen Road, Waltham","10/15/2016 - 10/15/2016, Every day, Daily Average",1647,1356,1999
"1116","Harborwalk, Waterfront, Boston","805","0 Howard Street, Banks Square, Waltham","10/15/2016 - 10/15/2016, Every day, Daily Average",1576,1270,1955
"1116","Harborwalk, Waterfront, Boston","806","0 Boland Street, South Side, Waltham","10/15/2016 - 10/15/2016, Every day, Daily Average",1390,1175,1643
"1116","Harborwalk, Waterfront, Boston","807","100 Grove Street, Bleachery, Waltham","10/15/2016 - 10/15/2016, Every day, Daily Average",1453,1216,1735
"1116","Harborwalk, Waterfront, Boston","808","0 Candace Avenue, Warrendale, Waltham","10/15/2016 - 10/15/2016, Every day, Daily Average",1508,1264,1799
"1116","Harborwalk, Waterfront, Boston","809","200 Bellevue Road, Watertown","10/15/2016 - 10/15/2016, Every day, Daily Average",1254,941,1669
"1116","Harborwalk, Waterfront, Boston","810","100 North Beacon Street, Watertown","10/15/2016 - 10/15/2016, Every day, Daily Average",1166,913,1489
"1116","Harborwalk, Waterfront, Boston","811","300 Watertown Street, Nonantum, Newton","10/15/2016 - 10/15/2016, Every day, Daily Average",1193,928,1533
"1116","Harborwalk, Waterfront, Boston","812","0 Burr Road, Newton Centre, Newton","10/15/2016 - 10/15/2016, Every day, Daily Average",1397,1131,1724
"1116","Harborwalk, Waterfront, Boston","813","0 Spear Street, Quincy","10/15/2016 - 10/15/2016, Every day, Daily Average",1353,1060,1726
"1116","Harborwalk, Waterfront, Boston","815","0 Upton Drive, Wilmington","10/15/2016 - 10/15/2016, Every day, Daily Average",1202,944,1529
"1116","Harborwalk, Waterfront, Boston","816","0 Keans Road, Burlington","10/15/2016 - 10/15/2016, Every day, Daily Average",1099,862,1399
"1116","Harborwalk, Waterfront, Boston","817","0 Burlington Mall Road, Burlington","10/15/2016 - 10/15/2016, Every day, Daily Average",1278,1009,1618
"1116","Harborwalk, Waterfront, Boston","818","100 New Boston Street, Woburn","10/15/2016 - 10/15/2016, Every day, Daily Average",933,727,1196
"1116","Harborwalk, Waterfront, Boston","819","0 Maple Ridge Road, Reading","10/15/2016 - 10/15/2016, Every day, Daily Average",864,661,1128
"1116","Harborwalk, Waterfront, Boston","820","0 Pasture Road, Reading","10/15/2016 - 10/15/2016, Every day, Daily Average",1281,1118,1466
"1116","Harborwalk, Waterfront, Boston","821","0 Byron Street, Wakefield","10/15/2016 - 10/15/2016, Every day, Daily Average",974,765,1239
"1116","Harborwalk, Waterfront, Boston","822","0 Eunice Circle, Wakefield","10/15/2016 - 10/15/2016, Every day, Daily Average",1256,982,1604
"1116","Harborwalk, Waterfront, Boston","823","0 Boston Rock Road, Melrose","10/15/2016 - 10/15/2016, Every day, Daily Average",1078,845,1374
"1116","Harborwalk, Waterfront, Boston","825","1400 Commonwealth Avenue, West Newton, Newton","10/15/2016 - 10/15/2016, Every day, Daily Average",1379,1080,1759
"1116","Harborwalk, Waterfront, Boston","826","0 Abbott Avenue, Everett","10/15/2016 - 10/15/2016, Every day, Daily Average",1038,757,1421
"1116","Harborwalk, Waterfront, Boston","827","0 Randlett Park, West Newton, Newton","10/15/2016 - 10/15/2016, Every day, Daily Average",1120,843,1486
"1116","Harborwalk, Waterfront, Boston","830","C Street, Natick","10/15/2016 - 10/15/2016, Every day, Daily Average",1631,1290,2061
"1116","Harborwalk, Waterfront, Boston","831","0 Woodland Road, Stoneham","10/15/2016 - 10/15/2016, Every day, Daily Average",652,469,905
"1116","Harborwalk, Waterfront, Boston","832","0 Rodgers Road, Stoneham","10/15/2016 - 10/15/2016, Every day, Daily Average",802,616,1043
"1116","Harborwalk, Waterfront, Boston","833","300 Highland Avenue, Winchester","10/15/2016 - 10/15/2016, Every day, Daily Average",841,621,1137
"1116","Harborwalk, Waterfront, Boston","834","0 Orchard Street, Medford","10/15/2016 - 10/15/2016, Every day, Daily Average",707,502,995
"1116","Harborwalk, Waterfront, Boston","835","0 Marston Street, Medford","10/15/2016 - 10/15/2016, Every day, Daily Average",682,446,1042
"1116","Harborwalk, Waterfront, Boston","836","100 Central Avenue, Medford","10/15/2016 - 10/15/2016, Every day, Daily Average",524,347,791
"1116","Harborwalk, Waterfront, Boston","837","0 Mc Cormack Avenue, Medford","10/15/2016 - 10/15/2016, Every day, Daily Average",649,455,925
"1116","Harborwalk, Waterfront, Boston","838","100 West Street, Malden","10/15/2016 - 10/15/2016, Every day, Daily Average",836,569,1227
"1116","Harborwalk, Waterfront, Boston","839","0 Webber Street, Malden","10/15/2016 - 10/15/2016, Every day, Daily Average",1233,914,1662
"1116","Harborwalk, Waterfront, Boston","840","0 Hamilton Road, West Somerville, Somerville","10/15/2016 - 10/15/2016, Every day, Daily Average",793,558,1126
"1116","Harborwalk, Waterfront, Boston","843","0 Upham Street, Highlands, Lowell","10/15/2016 - 10/15/2016, Every day, Daily Average",1961,1691,2272
"1116","Harborwalk, Waterfront, Boston","846","0 Beacham Street, Everett","10/15/2016 - 10/15/2016, Every day, Daily Average",683,475,982
"1116","Harborwalk, Waterfront, Boston","847","100 Sycamore Street, Winter Hill, Somerville","10/15/2016 - 10/15/2016, Every day, Daily Average",760,516,1118
"1116","Harborwalk, Waterfront, Boston","848","0 Wallace Street, Tufts, Somerville","10/15/2016 - 10/15/2016, Every day, Daily Average",1045,778,1402
"1116","Harborwalk, Waterfront, Boston","851","100 Groton Road, North Chelmsford, Chelmsford","10/15/2016 - 10/15/2016, Every day, Daily Average",2177,1822,2601
"1116","Harborwalk, Waterfront, Boston","856","400 Commonwealth Avenue, Back Bay, Boston","10/15/2016 - 10/15/2016, Every day, Daily Average",669,420,1065
"1116","Harborwalk, Waterfront, Boston","857","100 Norway Street, Fenway/Kenmore, Boston","10/15/2016 - 10/15/2016, Every day, Daily Average",844,538,1322
"1116","Harborwalk, Waterfront, Boston","861","0 South Waverly Street, Brighton, Boston","10/15/2016 - 10/15/2016, Every day, Daily Average",920,642,1316
"1116","Harborwalk, Waterfront, Boston","862","0 Atkins Street, Brighton, Boston","10/15/2016 - 10/15/2016, Every day, Daily Average",962,684,1351
"1116","Harborwalk, Waterfront, Boston","863","0 Strathmore Road, Brighton, Boston","10/15/2016 - 10/15/2016, Every day, Daily Average",1503,1175,1921
"1116","Harborwalk, Waterfront, Boston","864","0 Dustin Street, Brighton, Boston","10/15/2016 - 10/15/2016, Every day, Daily Average",1297,987,1703
"1116","Harborwalk, Waterfront, Boston","865","0 Bellvista Road, Brighton, Boston","10/15/2016 - 10/15/2016, Every day, Daily Average",1324,1031,1699
"1116","Harborwalk, Waterfront, Boston","866","0 Braintree Street, Allston, Boston","10/15/2016 - 10/15/2016, Every day, Daily Average",948,662,1357
"1116","Harborwalk, Waterfront, Boston","867","0 Barry Street, Dorchester, Boston","10/15/2016 - 10/15/2016, Every day, Daily Average",1067,735,1547
"1116","Harborwalk, Waterfront, Boston","868","100 Whitfield Street, Dorchester, Dorchester Center, Boston","10/15/2016 - 10/15/2016, Every day, Daily Average",1213,867,1695
"1116","Harborwalk, Waterfront, Boston","869","0 Wales Street, Roxbury, Dorchester Center, Boston","10/15/2016 - 10/15/2016, Every day, Daily Average",1522,1060,2183
"1116","Harborwalk, Waterfront, Boston","870","0 Willowwood Street, Mattapan, Boston","10/15/2016 - 10/15/2016, Every day, Daily Average",1298,910,1851
"1116","Harborwalk, Waterfront, Boston","871","0 Chipman Street, Dorchester, Dorchester Center, Boston","10/15/2016 - 10/15/2016, Every day, Daily Average",1163,848,1594
"1116","Harborwalk, Waterfront, Boston","872","Southeast Expressway, Dorchester, Boston","10/15/2016 - 10/15/2016, Every day, Daily Average",757,495,1157
"1116","Harborwalk, Waterfront, Boston","873","100 Manchester Street, Mattapan, Boston","10/15/2016 - 10/15/2016, Every day, Daily Average",1167,815,1669
"1116","Harborwalk, Waterfront, Boston","874","0 Outlook Road, Wellington Hill, Boston","10/15/2016 - 10/15/2016, Every day, Daily Average",1355,1103,1663
"1116","Harborwalk, Waterfront, Boston","875","200 Hyde Park Avenue, Jamaica Plain, Boston","10/15/2016 - 10/15/2016, Every day, Daily Average",1416,1075,1864
"1116","Harborwalk, Waterfront, Boston","876","100 Neponset Avenue, Roslindale, Boston","10/15/2016 - 10/15/2016, Every day, Daily Average",1564,1241,1969
"1116","Harborwalk, Waterfront, Boston","877","0 Eliot Street, Jamaica Plain, Boston","10/15/2016 - 10/15/2016, Every day, Daily Average",1264,966,1652
"1116","Harborwalk, Waterfront, Boston","878","200 Public Alley 432, Back Bay, Boston","10/15/2016 - 10/15/2016, Every day, Daily Average",805,519,1246
"1116","Harborwalk, Waterfront, Boston","879","0 River Street Place, Beacon Hill, Boston","10/15/2016 - 10/15/2016, Every day, Daily Average",448,238,842
"1116","Harborwalk, Waterfront, Boston","880","100 Charles Street, Beacon Hill, Boston","10/15/2016 - 10/15/2016, Every day, Daily Average",370,206,661
"1116","Harborwalk, Waterfront, Boston","881","0 Stillman Street, North End, Boston","10/15/2016 - 10/15/2016, Every day, Daily Average",195,81,463
"1116","Harborwalk, Waterfront, Boston","882","200 Hanover Street, North End, Boston","10/15/2016 - 10/15/2016, Every day, Daily Average",134,44,399
"1116","Harborwalk, Waterfront, Boston","883","200 Seaport Boulevard, Seaport District, Boston","10/15/2016 - 10/15/2016, Every day, Daily Average",446,238,832
"1116","Harborwalk, Waterfront, Boston","884","South Boston Bypass, South Boston, Boston","10/15/2016 - 10/15/2016, Every day, Daily Average",447,245,814
"1116","Harborwalk, Waterfront, Boston","885","100 Summer Street, Downtown, Boston","10/15/2016 - 10/15/2016, Every day, Daily Average",228,97,534
"1116","Harborwalk, Waterfront, Boston","886","0 Malden Street, South End, Boston","10/15/2016 - 10/15/2016, Every day, Daily Average",450,230,879
"1116","Harborwalk, Waterfront, Boston","887","0 Mount Pleasant Terrace, Roxbury, Boston","10/15/2016 - 10/15/2016, Every day, Daily Average",770,480,1234
"1116","Harborwalk, Waterfront, Boston","888","133100 Vernon Street, Roxbury, Boston","10/15/2016 - 10/15/2016, Every day, Daily Average",847,594,1207
"1116","Harborwalk, Waterfront, Boston","889","100 Fisher Avenue, Mission Hill, Boston","10/15/2016 - 10/15/2016, Every day, Daily Average",1141,854,1522
"1116","Harborwalk, Waterfront, Boston","890","0 Jamaica Street, Jamaica Plain, Boston","10/15/2016 - 10/15/2016, Every day, Daily Average",1344,1014,1780
"1116","Harborwalk, Waterfront, Boston","891","0 Stedman Street, Jamaica Plain, Boston","10/15/2016 - 10/15/2016, Every day, Daily Average",1215,926,1592
"1116","Harborwalk, Waterfront, Boston","892","200 Chestnut Avenue, Jamaica Plain, Boston","10/15/2016 - 10/15/2016, Every day, Daily Average",1265,961,1664
"1116","Harborwalk, Waterfront, Boston","893","0 Hastings Street, West Roxbury, Boston","10/15/2016 - 10/15/2016, Every day, Daily Average",1803,1357,2395
"1116","Harborwalk, Waterfront, Boston","894","0 Wren Street, West Roxbury, Boston","10/15/2016 - 10/15/2016, Every day, Daily Average",1789,1395,2293
"1116","Harborwalk, Waterfront, Boston","896","300 Columbia Street, Wellington-Harrington, Cambridge","10/15/2016 - 10/15/2016, Every day, Daily Average",954,680,1337
"1116","Harborwalk, Waterfront, Boston","898","0 Webster Street, Hyde Park, Boston","10/15/2016 - 10/15/2016, Every day, Daily Average",1481,1237,1771
"1116","Harborwalk, Waterfront, Boston","899","0 Watts Street, Chelsea","10/15/2016 - 10/15/2016, Every day, Daily Average",768,510,1155
"1116","Harborwalk, Waterfront, Boston","900","0 Boatswains Way, Chelsea","10/15/2016 - 10/15/2016, Every day, Daily Average",537,302,954
"1116","Harborwalk, Waterfront, Boston","901","0 Willoughby Street, Chelsea","10/15/2016 - 10/15/2016, Every day, Daily Average",744,507,1091
"1116","Harborwalk, Waterfront, Boston","902","0 Centre Street, Roxbury, Boston","10/15/2016 - 10/15/2016, Every day, Daily Average",960,680,1353
"1116","Harborwalk, Waterfront, Boston","903","0 Gaston Street, Roxbury, Boston","10/15/2016 - 10/15/2016, Every day, Daily Average",1170,846,1616
"1116","Harborwalk, Waterfront, Boston","904","0 Wolcott Street, Dorchester, Boston","10/15/2016 - 10/15/2016, Every day, Daily Average",1402,976,2012
"1116","Harborwalk, Waterfront, Boston","905","100 Geneva Avenue, Dorchester, Boston","10/15/2016 - 10/15/2016, Every day, Daily Average",1186,856,1641
"1116","Harborwalk, Waterfront, Boston","906","0 Romsey Circle, Dorchester, Boston","10/15/2016 - 10/15/2016, Every day, Daily Average",611,360,1035
"1116","Harborwalk, Waterfront, Boston","907","0 Gene Street, Dorchester, Boston","10/15/2016 - 10/15/2016, Every day, Daily Average",879,574,1343
"1116","Harborwalk, Waterfront, Boston","908","0 Monadnock Street, Dorchester, Boston","10/15/2016 - 10/15/2016, Every day, Daily Average",1047,690,1588
"1116","Harborwalk, Waterfront, Boston","909","500 Squire Road, Revere","10/15/2016 - 10/15/2016, Every day, Daily Average",825,581,1169
"1116","Harborwalk, Waterfront, Boston","911","200 Garfield Avenue, Revere","10/15/2016 - 10/15/2016, Every day, Daily Average",686,471,997
"1116","Harborwalk, Waterfront, Boston","912","100 Crest Avenue, Revere","10/15/2016 - 10/15/2016, Every day, Daily Average",904,657,1242
"1116","Harborwalk, Waterfront, Boston","913","0 Petrel Street, Winthrop","10/15/2016 - 10/15/2016, Every day, Daily Average",921,704,1204
"1116","Harborwalk, Waterfront, Boston","915","Head Island Causeway, South Boston, Boston","10/15/2016 - 10/15/2016, Every day, Daily Average",680,410,1127
"1116","Harborwalk, Waterfront, Boston","916","0 Lee Burbank Highway, Revere","10/15/2016 - 10/15/2016, Every day, Daily Average",579,385,869
"1116","Harborwalk, Waterfront, Boston","917","Emerald Necklace, Jamaica Plain, Boston","10/15/2016 - 10/15/2016, Every day, Daily Average",854,528,1378
"1116","Harborwalk, Waterfront, Boston","927","0 Mill River Drive, Weymouth","10/15/2016 - 10/15/2016, Every day, Daily Average",1404,1010,1950
"1116","Harborwalk, Waterfront, Boston","930","0 Constitution Avenue, Revere","10/15/2016 - 10/15/2016, Every day, Daily Average",728,491,1077
"1116","Harborwalk, Waterfront, Boston","944","100 Cliff Road, Wellesley Hills, Wellesley","10/15/2016 - 10/15/2016, Every day, Daily Average",1738,1318,2290
"1116","Harborwalk, Waterfront, Boston","955","100 Somerset Avenue, Winthrop","10/15/2016 - 10/15/2016, Every day, Daily Average",801,578,1109
"1116","Harborwalk, Waterfront, Boston","965","200 River Road, Winthrop","10/15/2016 - 10/15/2016, Every day, Daily Average",867,640,1172
"1116","Harborwalk, Waterfront, Boston","980","0 Danton Drive, Methuen","10/15/2016 - 10/15/2016, Every day, Daily Average",1650,1410,1930
"1116","Harborwalk, Waterfront, Boston","983","200 Lynnway, Lynn","10/15/2016 - 10/15/2016, Every day, Daily Average",1370,1087,1725
"1116","Harborwalk, Waterfront, Boston","984","0 D'Orlando Way, Danvers","10/15/2016 - 10/15/2016, Every day, Daily Average",1700,1397,2068
"1116","Harborwalk, Waterfront, Boston","986","0 Harvard Avenue, West Medford, Medford","10/15/2016 - 10/15/2016, Every day, Daily Average",670,482,930
"1116","Harborwalk, Waterfront, Boston","995","200 Billerica Road, Chelmsford","10/15/2016 - 10/15/2016, Every day, Daily Average",1885,1630,2179
"1116","Harborwalk, Waterfront, Boston","998","0 Evergreen Avenue, Burlington","10/15/2016 - 10/15/2016, Every day, Daily Average",1338,1127,1588
"1116","Harborwalk, Waterfront, Boston","999","100 Main Street, Wakefield","10/15/2016 - 10/15/2016, Every day, Daily Average",1086,847,1391
"1116","Harborwalk, Waterfront, Boston","1000","0 Centre Street, Malden","10/15/2016 - 10/15/2016, Every day, Daily Average",949,719,1252
"1116","Harborwalk, Waterfront, Boston","1001","0 Sargent Street, Malden","10/15/2016 - 10/15/2016, Every day, Daily Average",967,709,1317
"1116","Harborwalk, Waterfront, Boston","1002","500 Assembly Row, Somerville","10/15/2016 - 10/15/2016, Every day, Daily Average",376,214,657
"1116","Harborwalk, Waterfront, Boston","1003","0 Packard Avenue, Tufts, Somerville","10/15/2016 - 10/15/2016, Every day, Daily Average",979,725,1321
"1116","Harborwalk, Waterfront, Boston","1004","0 Linden Avenue, Spring Hill, Somerville","10/15/2016 - 10/15/2016, Every day, Daily Average",1004,701,1437
"1116","Harborwalk, Waterfront, Boston","1005","100 Sidney Street, Cambridgeport, Cambridge","10/15/2016 - 10/15/2016, Every day, Daily Average",980,693,1385
"1116","Harborwalk, Waterfront, Boston","1006","0 Gray Gardens East, Neighborhood Nine, Cambridge","10/15/2016 - 10/15/2016, Every day, Daily Average",1305,926,1837
"1116","Harborwalk, Waterfront, Boston","1010","0 Coolidge Hill Road, Watertown","10/15/2016 - 10/15/2016, Every day, Daily Average",1259,942,1681
"1116","Harborwalk, Waterfront, Boston","1011","0 Burdean Road, Oak Hill, Newton","10/15/2016 - 10/15/2016, Every day, Daily Average",1806,1418,2299
"1116","Harborwalk, Waterfront, Boston","1012","0 Wilde Road, Waban, Newton","10/15/2016 - 10/15/2016, Every day, Daily Average",1385,1093,1753
"1116","Harborwalk, Waterfront, Boston","1013","100 Seminary Avenue, Auburndale, Newton","10/15/2016 - 10/15/2016, Every day, Daily Average",1232,974,1557
"1116","Harborwalk, Waterfront, Boston","1016","100 Buckminster Road, Fisher Hill, Brookline","10/15/2016 - 10/15/2016, Every day, Daily Average",1349,981,1854
"1116","Harborwalk, Waterfront, Boston","1017","0 Tudor Road, Needham","10/15/2016 - 10/15/2016, Every day, Daily Average",1734,1232,2439
"1116","Harborwalk, Waterfront, Boston","1021","100 Walpole Street, Sharon","10/15/2016 - 10/15/2016, Every day, Daily Average",1885,1565,2270
"1116","Harborwalk, Waterfront, Boston","1023","0 Norman Street, Milton","10/15/2016 - 10/15/2016, Every day, Daily Average",1350,1023,1781
"1116","Harborwalk, Waterfront, Boston","1024","300 Adams Street, Milton","10/15/2016 - 10/15/2016, Every day, Daily Average",805,545,1187
"1116","Harborwalk, Waterfront, Boston","1025","0 Reservoir Drive, Randolph","10/15/2016 - 10/15/2016, Every day, Daily Average",1270,940,1715
"1116","Harborwalk, Waterfront, Boston","1027","300 Neck Street, North Weymouth, Weymouth","10/15/2016 - 10/15/2016, Every day, Daily Average",1735,1559,1930
"1116","Harborwalk, Waterfront, Boston","1033","Fall River Expressway, West Bridgewater","10/15/2016 - 10/15/2016, Every day, Daily Average",2154,1688,2747
"1116","Harborwalk, Waterfront, Boston","1038","0 Old Rutherford Avenue, Charlestown, Boston","10/15/2016 - 10/15/2016, Every day, Daily Average",288,114,727
"1116","Harborwalk, Waterfront, Boston","1039","0 Flint Place, South Boston, Boston","10/15/2016 - 10/15/2016, Every day, Daily Average",775,539,1113
"1116","Harborwalk, Waterfront, Boston","1040","900 Massachusetts Avenue, Dorchester, Boston","10/15/2016 - 10/15/2016, Every day, Daily Average",476,253,893
"1116","Harborwalk, Waterfront, Boston","1041","0 Kendall Street, South End, Boston","10/15/2016 - 10/15/2016, Every day, Daily Average",767,511,1149
"1116","Harborwalk, Waterfront, Boston","1042","0 Townsend Street, Roxbury, Boston","10/15/2016 - 10/15/2016, Every day, Daily Average",926,648,1322
"1116","Harborwalk, Waterfront, Boston","1043","200 Savin Hill Avenue, Dorchester, Boston","10/15/2016 - 10/15/2016, Every day, Daily Average",624,368,1055
"1116","Harborwalk, Waterfront, Boston","1044","0 Ames Street, Mattapan, Boston","10/15/2016 - 10/15/2016, Every day, Daily Average",1544,1102,2161
"1116","Harborwalk, Waterfront, Boston","1045","0 Brockton Street, Mattapan, Boston","10/15/2016 - 10/15/2016, Every day, Daily Average",1485,1110,1985
"1116","Harborwalk, Waterfront, Boston","1047","0 Ardale Street, Roslindale, Boston","10/15/2016 - 10/15/2016, Every day, Daily Average",1481,1164,1883
"1116","Harborwalk, Waterfront, Boston","1048","Airport Road Terminal C - Departure Level, East Boston, Boston","10/15/2016 - 10/15/2016, Every day, Daily Average",307,184,510
"1116","Harborwalk, Waterfront, Boston","1064","0 Glen Forest Lane, Methuen","10/15/2016 - 10/15/2016, Every day, Daily Average",1556,1329,1821
"1116","Harborwalk, Waterfront, Boston","1068","1300 Bennington Street, East Boston, Boston","10/15/2016 - 10/15/2016, Every day, Daily Average",790,537,1161
"1116","Harborwalk, Waterfront, Boston","1075","0 Oakview Terrace, Jamaica Plain, Boston","10/15/2016 - 10/15/2016, Every day, Daily Average",1272,965,1675
"1116","Harborwalk, Waterfront, Boston","1077","400 Moody Street, South Side, Waltham","10/15/2016 - 10/15/2016, Every day, Daily Average",1631,1355,1961
"1116","Harborwalk, Waterfront, Boston","1078","0 Wellesley Street, South Medford, Medford","10/15/2016 - 10/15/2016, Every day, Daily Average",847,615,1165
"1116","Harborwalk, Waterfront, Boston","1079","0 Brent Road, Lexington","10/15/2016 - 10/15/2016, Every day, Daily Average",1284,1109,1485
"1116","Harborwalk, Waterfront, Boston","1080","0 Teaberry Lane, Braintree","10/15/2016 - 10/15/2016, Every day, Daily Average",1411,999,1991
"1116","Harborwalk, Waterfront, Boston","1099","0 Station Street, Brookline","10/15/2016 - 10/15/2016, Every day, Daily Average",1234,886,1717
"1116","Harborwalk, Waterfront, Boston","1100","0 Lowell Street, Andover, Andover","10/15/2016 - 10/15/2016, Every day, Daily Average",1688,1373,2074
"1116","Harborwalk, Waterfront, Boston","1102","0 Greenlodge Street, Dedham","10/15/2016 - 10/15/2016, Every day, Daily Average",1323,1042,1678
"1116","Harborwalk, Waterfront, Boston","1103","100 Kendrick Avenue, Quincy","10/15/2016 - 10/15/2016, Every day, Daily Average",1374,971,1943
"1116","Harborwalk, Waterfront, Boston","1104","100 Grove Street, Braintree","10/15/2016 - 10/15/2016, Every day, Daily Average",1309,935,1832
"1116","Harborwalk, Waterfront, Boston","1110","Cambridge Street, Allston, Boston","10/15/2016 - 10/15/2016, Every day, Daily Average",837,553,1264
"1116","Harborwalk, Waterfront, Boston","1112","1400 Shawsheen Street, Tewksbury","10/15/2016 - 10/15/2016, Every day, Daily Average",1257,998,1582
"1116","Harborwalk, Waterfront, Boston","1113","200 Rangeway Road, North Billerica, Billerica","10/15/2016 - 10/15/2016, Every day, Daily Average",1695,1450,1980
"1116","Harborwalk, Waterfront, Boston","1116","Harborwalk, Waterfront, Boston","10/15/2016 - 10/15/2016, Every day, Daily Average",274,107,695
"1116","Harborwalk, Waterfront, Boston","1117","0 Gold Star Street, East Boston, Boston","10/15/2016 - 10/15/2016, Every day, Daily Average",579,383,873
"1116","Harborwalk, Waterfront, Boston","1118","0 McGreevey Way, Mission Hill, Boston","10/15/2016 - 10/15/2016, Every day, Daily Average",1020,756,1375
"1116","Harborwalk, Waterfront, Boston","1119","0 Coleus Park, Dorchester, Boston","10/15/2016 - 10/15/2016, Every day, Daily Average",1119,773,1619
"1116","Harborwalk, Waterfront, Boston","1120","0 Melville Avenue, Dorchester, Dorchester Center, Boston","10/15/2016 - 10/15/2016, Every day, Daily Average",1102,748,1621
"1116","Harborwalk, Waterfront, Boston","1122","100 Webster Avenue, Chelsea","10/15/2016 - 10/15/2016, Every day, Daily Average",639,410,994
"1116","Harborwalk, Waterfront, Boston","1123","Conifer Path, Jamaica Hills / Pond, Boston","10/15/2016 - 10/15/2016, Every day, Daily Average",1426,1086,1871
"1116","Harborwalk, Waterfront, Boston","1126","0 Stark Avenue, Wakefield","10/15/2016 - 10/15/2016, Every day, Daily Average",1305,1104,1541
"1116","Harborwalk, Waterfront, Boston","1127","100 South Border Road, Medford","10/15/2016 - 10/15/2016, Every day, Daily Average",577,401,828
"1116","Harborwalk, Waterfront, Boston","1128","0 Lowden Avenue, Powder House Square, Somerville","10/15/2016 - 10/15/2016, Every day, Daily Average",945,680,1313
"1116","Harborwalk, Waterfront, Boston","1129","0 Shepard Street, Neighborhood Nine, Cambridge","10/15/2016 - 10/15/2016, Every day, Daily Average",1260,886,1789
"1116","Harborwalk, Waterfront, Boston","1130","0 Louise Road, Belmont","10/15/2016 - 10/15/2016, Every day, Daily Average",1483,1210,1817
"1116","Harborwalk, Waterfront, Boston","1131","Yankee Division Highway, Lexington","10/15/2016 - 10/15/2016, Every day, Daily Average",1374,1140,1655
"1116","Harborwalk, Waterfront, Boston","1137","0 Marion Avenue, Woburn","10/15/2016 - 10/15/2016, Every day, Daily Average",1008,861,1179
"1116","Harborwalk, Waterfront, Boston","1138","0 Loring Avenue, Winchester","10/15/2016 - 10/15/2016, Every day, Daily Average",877,743,1034
"1116","Harborwalk, Waterfront, Boston","1140","300 Mystic Avenue, South Medford, Medford","10/15/2016 - 10/15/2016, Every day, Daily Average",494,309,789
"1116","Harborwalk, Waterfront, Boston","1141","0 Forest Street, Malden","10/15/2016 - 10/15/2016, Every day, Daily Average",1000,796,1256
"1116","Harborwalk, Waterfront, Boston","1142","200 Massachusetts Avenue, Arlington","10/15/2016 - 10/15/2016, Every day, Daily Average",1044,725,1502
"1116","Harborwalk, Waterfront, Boston","1143","300 Crescent Street, South Side, Waltham","10/15/2016 - 10/15/2016, Every day, Daily Average",1539,1235,1916
"1116","Harborwalk, Waterfront, Boston","1144","0 Scout Road, East Walpole, Walpole","10/15/2016 - 10/15/2016, Every day, Daily Average",1804,1511,2152
"1116","Harborwalk, Waterfront, Boston","1151","0 Saugus Avenue, Saugus","10/15/2016 - 10/15/2016, Every day, Daily Average",994,789,1251
"1116","Harborwalk, Waterfront, Boston","1160","100 Austin Street, Hyde Park, Boston","10/15/2016 - 10/15/2016, Every day, Daily Average",1566,1296,1891
"1116","Harborwalk, Waterfront, Boston","1162","300 North Road, North Chelmsford, Chelmsford","10/15/2016 - 10/15/2016, Every day, Daily Average",2176,1787,2649
"1116","Harborwalk, Waterfront, Boston","1163","300 East Eagle Street, Eagle Hill, Boston","10/15/2016 - 10/15/2016, Every day, Daily Average",458,261,802
"1116","Harborwalk, Waterfront, Boston","1164","0 West Howell Street, Dorchester, Boston","10/15/2016 - 10/15/2016, Every day, Daily Average",528,298,935
"1116","Harborwalk, Waterfront, Boston","1165","900 American Legion Highway, Roslindale, Boston","10/15/2016 - 10/15/2016, Every day, Daily Average",1519,1144,2015
"1116","Harborwalk, Waterfront, Boston","1170","0 Garden Avenue, Wilmington","10/15/2016 - 10/15/2016, Every day, Daily Average",1226,974,1542
"1116","Harborwalk, Waterfront, Boston","1171","Dike Road, Stoneham","10/15/2016 - 10/15/2016, Every day, Daily Average",693,509,942
"1116","Harborwalk, Waterfront, Boston","1174","600 Lynn Fells Parkway, Melrose","10/15/2016 - 10/15/2016, Every day, Daily Average",1243,995,1552
"1116","Harborwalk, Waterfront, Boston","1175","0 Fellsmere Road, Malden","10/15/2016 - 10/15/2016, Every day, Daily Average",861,624,1187
"1116","Harborwalk, Waterfront, Boston","1177","0 Louds Avenue, Weymouth","10/15/2016 - 10/15/2016, Every day, Daily Average",1354,1016,1803
"1116","Harborwalk, Waterfront, Boston","1178","0 Trustman Terrace, East Boston, Boston","10/15/2016 - 10/15/2016, Every day, Daily Average",498,302,820
"1116","Harborwalk, Waterfront, Boston","1179","100 West Canton Street, Columbus, Boston","10/15/2016 - 10/15/2016, Every day, Daily Average",635,372,1082
"1116","Harborwalk, Waterfront, Boston","1185","0 Parsons Street, Brighton, Boston","10/15/2016 - 10/15/2016, Every day, Daily Average",1363,1041,1784
"1116","Harborwalk, Waterfront, Boston","1186","0 Norway Park, Hyde Park, Boston","10/15/2016 - 10/15/2016, Every day, Daily Average",1662,1304,2117
"1116","Harborwalk, Waterfront, Boston","1189","0 Fairbanks Street, Brighton, Boston","10/15/2016 - 10/15/2016, Every day, Daily Average",989,689,1418
"1116","Harborwalk, Waterfront, Boston","1190","0 Willow Avenue, Davis Square, Somerville","10/15/2016 - 10/15/2016, Every day, Daily Average",1148,816,1614
"1116","Harborwalk, Waterfront, Boston","1192","0 Woodside Road, Winchester","10/15/2016 - 10/15/2016, Every day, Daily Average",1042,786,1380
"1116","Harborwalk, Waterfront, Boston","1193","1100 Beacon Street, Brookline","10/15/2016 - 10/15/2016, Every day, Daily Average",776,499,1204
"1116","Harborwalk, Waterfront, Boston","1195","0 Howe Street, Dorchester, Boston","10/15/2016 - 10/15/2016, Every day, Daily Average",990,666,1469
"1116","Harborwalk, Waterfront, Boston","1197","100 North Pearl Street, Brockton","10/15/2016 - 10/15/2016, Every day, Daily Average",1875,1437,2446
"1116","Harborwalk, Waterfront, Boston","1198","100 Ashland Street, Malden","10/15/2016 - 10/15/2016, Every day, Daily Average",855,621,1176
"1116","Harborwalk, Waterfront, Boston","1199","Lifecourse Trail, Newton Highlands, Newton","10/15/2016 - 10/15/2016, Every day, Daily Average",1631,1445,1839
"1116","Harborwalk, Waterfront, Boston","1211","Chestnut Hill Reservoir Trail, Brighton, Boston","10/15/2016 - 10/15/2016, Every day, Daily Average",1488,1142,1938
"1116","Harborwalk, Waterfront, Boston","1212","0 Snow Hill Street, North End, Boston","10/15/2016 - 10/15/2016, Every day, Daily Average",296,151,578
"1116","Harborwalk, Waterfront, Boston","1213","200 East 8th Street, South Boston, Boston","10/15/2016 - 10/15/2016, Every day, Daily Average",745,490,1131
"1116","Harborwalk, Waterfront, Boston","1214","0 East Concord Street, South End, Boston","10/15/2016 - 10/15/2016, Every day, Daily Average",547,325,919
"1116","Harborwalk, Waterfront, Boston","1215","0 Beauford Lane, Roxbury, Boston","10/15/2016 - 10/15/2016, Every day, Daily Average",1184,822,1704
"1116","Harborwalk, Waterfront, Boston","1225","0 West Elm Avenue, Quincy","10/15/2016 - 10/15/2016, Every day, Daily Average",1164,826,1639
"1116","Harborwalk, Waterfront, Boston","1226","0 Sturtevant Street, Boston","10/15/2016 - 10/15/2016, Every day, Daily Average",694,421,1141
"1116","Harborwalk, Waterfront, Boston","1227","0 Port Norfolk Street, Dorchester, Boston","10/15/2016 - 10/15/2016, Every day, Daily Average",715,449,1136
"1116","Harborwalk, Waterfront, Boston","1228","0 Ashley Street, Jamaica Plain, Boston","10/15/2016 - 10/15/2016, Every day, Daily Average",1201,874,1650
"1116","Harborwalk, Waterfront, Boston","1229","0 Michael Road, Wakefield","10/15/2016 - 10/15/2016, Every day, Daily Average",1439,1140,1815
"1116","Harborwalk, Waterfront, Boston","1232","400 Newton Street, Chestnut Hill, Brookline","10/15/2016 - 10/15/2016, Every day, Daily Average",1778,1364,2316
"1116","Harborwalk, Waterfront, Boston","1233","0 Thackeray Road, Wellesley Hills, Wellesley","10/15/2016 - 10/15/2016, Every day, Daily Average",1518,1175,1960
"1116","Harborwalk, Waterfront, Boston","1237","100 Colonial Drive, Quincy","10/15/2016 - 10/15/2016, Every day, Daily Average",1208,936,1558
"1116","Harborwalk, Waterfront, Boston","1238","0 Orient Avenue, Arlington","10/15/2016 - 10/15/2016, Every day, Daily Average",1325,1009,1738
"1116","Harborwalk, Waterfront, Boston","1239","0 Walnut Street, Belmont","10/15/2016 - 10/15/2016, Every day, Daily Average",1321,1096,1592
"1116","Harborwalk, Waterfront, Boston","1240","0 Middlesex Circle, Waltham","10/15/2016 - 10/15/2016, Every day, Daily Average",1547,1366,1750
"1116","Harborwalk, Waterfront, Boston","1241","0 Kenilworth Street, Newton Corner, Newton","10/15/2016 - 10/15/2016, Every day, Daily Average",1315,1016,1700
"1116","Harborwalk, Waterfront, Boston","1242","0 Scribner Park, Auburndale, Newton","10/15/2016 - 10/15/2016, Every day, Daily Average",1133,868,1478
"1116","Harborwalk, Waterfront, Boston","1245","0 Leland Road, North Reading","10/15/2016 - 10/15/2016, Every day, Daily Average",1384,1136,1684
"1116","Harborwalk, Waterfront, Boston","1246","North Shore Road, Revere","10/15/2016 - 10/15/2016, Every day, Daily Average",1089,834,1421
"1116","Harborwalk, Waterfront, Boston","1247","Stony Brook Path, Boston","10/15/2016 - 10/15/2016, Every day, Daily Average",1677,1421,1978